Objective value: 1.30888e+08
Duration: 81.895
Vessels chartered (per month V and type >):
0: 2, 0, 0
1: 1, 0, 0
2: 1, 1, 0
3: 2, 0, 0
4: 1, 0, 0
5: 2, 0, 0
6: 1, 0, 0
7: 1, 1, 0
8: 2, 0, 0
9: 3, 0, 0
10: 3, 1, 0
11: 3, 0, 0
12: 3, 0, 0
13: 3, 0, 0
14: 3, 0, 0
15: 3, 1, 1
16: 1, 0, 0
17: 2, 0, 0
18: 2, 0, 0
19: 1, 0, 0
20: 2, 0, 0
21: 2, 1, 0
22: 2, 0, 0
23: 3, 0, 0
24: 2, 0, 0
25: 3, 0, 0
26: 2, 0, 1
27: 2, 0, 0
28: 3, 0, 0
29: 3, 1, 0
30: 3, 0, 0
31: 2, 0, 0
32: 2, 0, 0
33: 2, 0, 0
34: 2, 0, 0
35: 2, 1, 0
36: 1, 0, 0
37: 3, 0, 0
38: 2, 1, 0
39: 2, 0, 0
40: 2, 0, 0
41: 2, 0, 1
42: 2, 1, 0
43: 2, 0, 0
44: 3, 0, 0
45: 3, 0, 0
46: 2, 0, 0
47: 2, 1, 0
48: 2, 0, 0
49: 2, 0, 0
50: 2, 0, 0
51: 2, 0, 0
52: 2, 1, 0
53: 2, 0, 0
54: 2, 0, 0
55: 3, 0, 0
56: 2, 0, 0
57: 2, 0, 0
58: 2, 1, 1
59: 2, 0, 0
60: 3, 0, 0
61: 2, 0, 0
62: 2, 0, 0
63: 2, 1, 0
64: 2, 0, 0
65: 2, 0, 0
66: 3, 1, 0
67: 2, 0, 0
68: 2, 0, 0
69: 2, 0, 0
70: 2, 1, 1
71: 2, 0, 0
72: 2, 0, 0
73: 2, 0, 0
74: 2, 1, 0
75: 3, 0, 0
76: 2, 0, 0
77: 3, 0, 0
78: 1, 1, 0
79: 2, 0, 0
80: 2, 0, 0
81: 3, 0, 1
82: 2, 0, 0
83: 2, 0, 0
84: 2, 1, 0
85: 2, 0, 0
86: 2, 0, 0
87: 2, 0, 0
88: 2, 1, 0
89: 3, 0, 0
90: 3, 0, 0
91: 2, 0, 0
92: 3, 1, 0
93: 2, 0, 0
94: 2, 0, 0
95: 2, 0, 1
96: 3, 1, 0
97: 2, 0, 0
98: 2, 0, 0
99: 2, 1, 0
100: 2, 0, 0
101: 2, 0, 0
102: 1, 1, 0
103: 2, 0, 0
104: 2, 0, 0
105: 3, 0, 0
106: 3, 0, 0
107: 2, 0, 0
108: 3, 1, 0
109: 2, 0, 0
110: 2, 0, 0
111: 2, 0, 0
112: 2, 0, 1
113: 2, 1, 0
114: 2, 0, 0
115: 2, 0, 0
116: 2, 0, 0
117: 2, 0, 0
118: 1, 1, 0
119: 2, 0, 0
Planned tasks (per month V and iteration >):
0: 0, 0, 0, 0, 0, 0, 0, 0, 0, 0, 0, 0
1: 0, 0, 0, 0, 0, 0, 0, 0, 0, 0, 0, 0
2: 0, 0, 0, 0, 0, 0, 0, 0, 0, 0, 0, 0
3: 0, 0, 0, 0, 0, 0, 0, 0, 0, 0, 0, 0
4: 0, 0, 0, 0, 0, 0, 0, 0, 0, 0, 0, 0
5: 0, 0, 0, 0, 0, 0, 0, 0, 0, 0, 0, 0
6: 0, 0, 0, 0, 0, 0, 0, 0, 0, 0, 0, 0
7: 0, 0, 0, 0, 0, 0, 0, 0, 0, 0, 0, 0
8: 0, 0, 0, 0, 0, 0, 0, 0, 0, 0, 0, 0
9: 12, 0, 0, 0, 0, 0, 0, 0, 0, 0, 0, 0
10: 11, 0, 0, 0, 0, 0, 0, 0, 0, 0, 0, 0
11: 12, 0, 0, 0, 0, 0, 0, 0, 0, 0, 0, 0
12: 11, 0, 0, 0, 0, 0, 0, 0, 0, 0, 0, 0
13: 11, 0, 0, 0, 0, 0, 0, 0, 0, 0, 0, 0
14: 11, 0, 0, 0, 0, 0, 0, 0, 0, 0, 0, 0
15: 12, 0, 0, 0, 0, 0, 0, 0, 0, 0, 0, 0
16: 0, 0, 0, 0, 0, 0, 0, 0, 0, 0, 0, 0
17: 0, 0, 0, 0, 0, 0, 0, 0, 0, 0, 0, 0
18: 0, 5, 0, 0, 0, 0, 0, 0, 0, 0, 0, 0
19: 0, 0, 0, 0, 0, 0, 0, 0, 0, 0, 0, 0
20: 0, 4, 0, 0, 0, 0, 0, 0, 0, 0, 0, 0
21: 0, 4, 0, 0, 0, 0, 0, 0, 0, 0, 0, 0
22: 0, 5, 0, 0, 0, 0, 0, 0, 0, 0, 0, 0
23: 0, 10, 0, 0, 0, 0, 0, 0, 0, 0, 0, 0
24: 0, 0, 0, 0, 0, 0, 0, 0, 0, 0, 0, 0
25: 0, 11, 0, 0, 0, 0, 0, 0, 0, 0, 0, 0
26: 0, 4, 0, 0, 0, 0, 0, 0, 0, 0, 0, 0
27: 0, 4, 0, 0, 0, 0, 0, 0, 0, 0, 0, 0
28: 0, 11, 0, 0, 0, 0, 0, 0, 0, 0, 0, 0
29: 0, 11, 0, 0, 0, 0, 0, 0, 0, 0, 0, 0
30: 0, 11, 0, 0, 0, 0, 0, 0, 0, 0, 0, 0
31: 0, 0, 1, 0, 0, 0, 0, 0, 0, 0, 0, 0
32: 0, 0, 3, 0, 0, 0, 0, 0, 0, 0, 0, 0
33: 0, 0, 5, 0, 0, 0, 0, 0, 0, 0, 0, 0
34: 0, 0, 5, 0, 0, 0, 0, 0, 0, 0, 0, 0
35: 0, 0, 5, 0, 0, 0, 0, 0, 0, 0, 0, 0
36: 0, 0, 0, 0, 0, 0, 0, 0, 0, 0, 0, 0
37: 0, 0, 11, 0, 0, 0, 0, 0, 0, 0, 0, 0
38: 0, 0, 5, 0, 0, 0, 0, 0, 0, 0, 0, 0
39: 0, 0, 5, 0, 0, 0, 0, 0, 0, 0, 0, 0
40: 0, 0, 5, 0, 0, 0, 0, 0, 0, 0, 0, 0
41: 0, 0, 5, 0, 0, 0, 0, 0, 0, 0, 0, 0
42: 0, 0, 5, 0, 0, 0, 0, 0, 0, 0, 0, 0
43: 0, 0, 4, 0, 0, 0, 0, 0, 0, 0, 0, 0
44: 0, 0, 10, 0, 0, 0, 0, 0, 0, 0, 0, 0
45: 0, 0, 11, 0, 0, 0, 0, 0, 0, 0, 0, 0
46: 0, 0, 0, 1, 0, 0, 0, 0, 0, 0, 0, 0
47: 0, 0, 0, 4, 0, 0, 0, 0, 0, 0, 0, 0
48: 0, 0, 0, 5, 0, 0, 0, 0, 0, 0, 0, 0
49: 0, 0, 0, 6, 0, 0, 0, 0, 0, 0, 0, 0
50: 0, 0, 0, 5, 0, 0, 0, 0, 0, 0, 0, 0
51: 0, 0, 0, 5, 0, 0, 0, 0, 0, 0, 0, 0
52: 0, 0, 0, 5, 0, 0, 0, 0, 0, 0, 0, 0
53: 0, 0, 0, 4, 0, 0, 0, 0, 0, 0, 0, 0
54: 0, 0, 0, 6, 0, 0, 0, 0, 0, 0, 0, 0
55: 0, 0, 0, 9, 0, 0, 0, 0, 0, 0, 0, 0
56: 0, 0, 0, 4, 0, 0, 0, 0, 0, 0, 0, 0
57: 0, 0, 0, 5, 0, 0, 0, 0, 0, 0, 0, 0
58: 0, 0, 0, 5, 0, 0, 0, 0, 0, 0, 0, 0
59: 0, 0, 0, 5, 0, 0, 0, 0, 0, 0, 0, 0
60: 0, 0, 0, 11, 0, 0, 0, 0, 0, 0, 0, 0
61: 0, 0, 0, 0, 4, 0, 0, 0, 0, 0, 0, 0
62: 0, 0, 0, 0, 5, 0, 0, 0, 0, 0, 0, 0
63: 0, 0, 0, 0, 4, 0, 0, 0, 0, 0, 0, 0
64: 0, 0, 0, 0, 5, 0, 0, 0, 0, 0, 0, 0
65: 0, 0, 0, 0, 4, 0, 0, 0, 0, 0, 0, 0
66: 0, 0, 0, 0, 10, 0, 0, 0, 0, 0, 0, 0
67: 0, 0, 0, 0, 5, 0, 0, 0, 0, 0, 0, 0
68: 0, 0, 0, 0, 5, 0, 0, 0, 0, 0, 0, 0
69: 0, 0, 0, 0, 5, 0, 0, 0, 0, 0, 0, 0
70: 0, 0, 0, 0, 5, 0, 0, 0, 0, 0, 0, 0
71: 0, 0, 0, 0, 4, 0, 0, 0, 0, 0, 0, 0
72: 0, 0, 0, 0, 5, 0, 0, 0, 0, 0, 0, 0
73: 0, 0, 0, 0, 4, 0, 0, 0, 0, 0, 0, 0
74: 0, 0, 0, 0, 5, 0, 0, 0, 0, 0, 0, 0
75: 0, 0, 0, 0, 10, 0, 0, 0, 0, 0, 0, 0
76: 0, 0, 0, 0, 0, 5, 0, 0, 0, 0, 0, 0
77: 0, 0, 0, 0, 0, 10, 0, 0, 0, 0, 0, 0
78: 0, 0, 0, 0, 0, 0, 0, 0, 0, 0, 0, 0
79: 0, 0, 0, 0, 0, 4, 0, 0, 0, 0, 0, 0
80: 0, 0, 0, 0, 0, 5, 0, 0, 0, 0, 0, 0
81: 0, 0, 0, 0, 0, 11, 0, 0, 0, 0, 0, 0
82: 0, 0, 0, 0, 0, 4, 0, 0, 0, 0, 0, 0
83: 0, 0, 0, 0, 0, 5, 0, 0, 0, 0, 0, 0
84: 0, 0, 0, 0, 0, 4, 0, 0, 0, 0, 0, 0
85: 0, 0, 0, 0, 0, 4, 0, 0, 0, 0, 0, 0
86: 0, 0, 0, 0, 0, 4, 0, 0, 0, 0, 0, 0
87: 0, 0, 0, 0, 0, 5, 0, 0, 0, 0, 0, 0
88: 0, 0, 0, 0, 0, 4, 0, 0, 0, 0, 0, 0
89: 0, 0, 0, 0, 0, 6, 0, 0, 0, 0, 0, 0
90: 0, 0, 0, 0, 0, 9, 0, 0, 0, 0, 0, 0
91: 0, 0, 0, 0, 0, 0, 6, 0, 0, 0, 0, 0
92: 0, 0, 0, 0, 0, 0, 9, 0, 0, 0, 0, 0
93: 0, 0, 0, 0, 0, 0, 5, 0, 0, 0, 0, 0
94: 0, 0, 0, 0, 0, 0, 5, 0, 0, 0, 0, 0
95: 0, 0, 0, 0, 0, 0, 3, 0, 0, 0, 0, 0
96: 0, 0, 0, 0, 0, 0, 8, 0, 0, 0, 0, 0
97: 0, 0, 0, 0, 0, 0, 5, 0, 0, 0, 0, 0
98: 0, 0, 0, 0, 0, 0, 5, 0, 0, 0, 0, 0
99: 0, 0, 0, 0, 0, 0, 5, 0, 0, 0, 0, 0
100: 0, 0, 0, 0, 0, 0, 6, 0, 0, 0, 0, 0
101: 0, 0, 0, 0, 0, 0, 4, 1, 0, 0, 0, 0
102: 0, 0, 0, 0, 0, 0, 0, 0, 0, 0, 0, 0
103: 0, 0, 0, 0, 0, 0, 5, 0, 0, 0, 0, 0
104: 0, 0, 0, 0, 0, 0, 5, 0, 0, 0, 0, 0
105: 0, 0, 0, 0, 0, 0, 9, 2, 0, 0, 0, 0
106: 0, 0, 0, 0, 0, 0, 0, 7, 0, 0, 0, 0
107: 0, 0, 0, 0, 0, 0, 0, 5, 0, 0, 0, 0
108: 0, 0, 0, 0, 0, 0, 0, 11, 0, 0, 0, 0
109: 0, 0, 0, 0, 0, 0, 0, 4, 0, 0, 0, 0
110: 0, 0, 0, 0, 0, 0, 0, 5, 0, 0, 0, 0
111: 0, 0, 0, 0, 0, 0, 0, 5, 0, 0, 0, 0
112: 0, 0, 0, 0, 0, 0, 0, 2, 0, 0, 0, 0
113: 0, 0, 0, 0, 0, 0, 0, 5, 0, 0, 0, 0
114: 0, 0, 0, 0, 0, 0, 0, 5, 0, 0, 0, 0
115: 0, 0, 0, 0, 0, 0, 0, 5, 0, 0, 0, 0
116: 0, 0, 0, 0, 0, 0, 0, 4, 1, 0, 0, 0
117: 0, 0, 0, 0, 0, 0, 0, 5, 0, 0, 0, 0
118: 0, 0, 0, 0, 0, 0, 0, 0, 0, 0, 0, 0
119: 0, 0, 0, 0, 0, 0, 0, 5, 0, 0, 0, 0
Repair tasks in scenario 0 (per month V and type >):
0: 52, 23, 2, 0, 0
1: 51, 17, 3, 0, 0
2: 50, 19, 2, 1, 0
3: 51, 24, 3, 0, 0
4: 51, 25, 0, 0, 0
5: 49, 20, 1, 0, 0
6: 51, 19, 0, 0, 0
7: 50, 23, 1, 2, 0
8: 45, 19, 1, 0, 0
9: 47, 24, 1, 0, 0
10: 48, 20, 5, 0, 0
11: 46, 24, 1, 0, 0
12: 45, 18, 4, 0, 0
13: 46, 17, 1, 0, 0
14: 56, 23, 3, 0, 0
15: 49, 22, 1, 2, 4
16: 53, 14, 3, 0, 0
17: 49, 17, 1, 0, 0
18: 59, 26, 1, 0, 0
19: 53, 15, 2, 0, 0
20: 48, 18, 0, 0, 0
21: 57, 16, 2, 3, 0
22: 54, 25, 2, 0, 0
23: 48, 19, 0, 0, 0
24: 49, 20, 2, 0, 0
25: 38, 20, 2, 0, 0
26: 46, 18, 4, 0, 7
27: 51, 21, 3, 0, 0
28: 51, 25, 1, 0, 0
29: 48, 19, 1, 0, 0
30: 50, 14, 0, 0, 0
31: 51, 23, 3, 0, 0
32: 52, 15, 2, 0, 0
33: 57, 21, 2, 0, 0
34: 51, 20, 1, 0, 0
35: 45, 22, 0, 2, 0
36: 51, 20, 2, 0, 0
37: 47, 22, 2, 0, 0
38: 50, 27, 1, 2, 0
39: 49, 17, 3, 0, 0
40: 44, 18, 5, 0, 0
41: 45, 23, 3, 0, 6
42: 51, 19, 1, 2, 0
43: 56, 23, 4, 0, 0
44: 52, 21, 2, 0, 0
45: 49, 13, 1, 0, 0
46: 48, 22, 1, 0, 0
47: 53, 23, 2, 2, 0
48: 49, 15, 1, 0, 0
49: 55, 19, 1, 0, 0
50: 53, 20, 3, 0, 0
51: 50, 13, 0, 0, 0
52: 45, 16, 2, 0, 0
53: 54, 22, 5, 0, 0
54: 47, 13, 1, 0, 0
55: 46, 25, 1, 0, 0
56: 46, 25, 5, 0, 0
57: 50, 22, 1, 0, 0
58: 47, 23, 1, 1, 7
59: 44, 17, 1, 0, 0
60: 42, 17, 2, 0, 0
61: 51, 20, 2, 0, 0
62: 53, 23, 1, 0, 0
63: 57, 18, 2, 2, 0
64: 51, 19, 3, 0, 0
65: 50, 29, 4, 0, 0
66: 57, 15, 2, 0, 0
67: 44, 19, 2, 0, 0
68: 43, 18, 1, 0, 0
69: 55, 20, 0, 0, 0
70: 50, 15, 1, 0, 4
71: 50, 21, 1, 0, 0
72: 48, 24, 3, 0, 0
73: 48, 24, 1, 0, 0
74: 53, 18, 3, 0, 0
75: 47, 26, 5, 0, 0
76: 55, 21, 1, 0, 0
77: 48, 17, 2, 0, 0
78: 47, 12, 2, 3, 0
79: 45, 22, 5, 0, 0
80: 50, 17, 2, 0, 0
81: 55, 19, 2, 0, 9
82: 48, 33, 1, 0, 0
83: 48, 19, 1, 0, 0
84: 45, 22, 2, 0, 0
85: 51, 19, 1, 0, 0
86: 45, 19, 0, 0, 0
87: 46, 19, 0, 0, 0
88: 53, 21, 4, 2, 0
89: 44, 18, 2, 0, 0
90: 56, 17, 1, 0, 0
91: 46, 18, 1, 0, 0
92: 41, 19, 2, 0, 0
93: 49, 17, 1, 0, 0
94: 53, 18, 1, 0, 0
95: 51, 14, 2, 0, 3
96: 46, 14, 4, 1, 0
97: 48, 19, 3, 0, 0
98: 49, 20, 2, 0, 0
99: 53, 19, 2, 1, 0
100: 51, 16, 3, 0, 0
101: 52, 25, 0, 0, 0
102: 51, 18, 2, 2, 0
103: 53, 19, 1, 0, 0
104: 50, 17, 3, 0, 0
105: 46, 19, 2, 0, 0
106: 52, 20, 2, 0, 0
107: 47, 14, 1, 0, 0
108: 54, 24, 2, 1, 0
109: 54, 22, 1, 0, 0
110: 47, 22, 2, 0, 0
111: 48, 29, 2, 0, 0
112: 52, 20, 0, 0, 5
113: 52, 22, 1, 1, 0
114: 46, 24, 2, 0, 0
115: 46, 28, 2, 0, 0
116: 48, 22, 0, 0, 0
117: 48, 17, 1, 0, 0
118: 46, 15, 0, 0, 0
119: 53, 24, 1, 0, 0
Repair tasks in scenario 1 (per month V and type >):
0: 52, 18, 2, 0, 0
1: 57, 12, 3, 0, 0
2: 43, 14, 0, 0, 0
3: 43, 21, 1, 0, 0
4: 54, 24, 0, 0, 0
5: 50, 21, 3, 0, 0
6: 58, 18, 1, 0, 0
7: 41, 16, 2, 1, 0
8: 57, 25, 1, 0, 0
9: 52, 22, 0, 0, 0
10: 55, 19, 2, 2, 0
11: 46, 25, 1, 0, 0
12: 54, 18, 5, 0, 0
13: 49, 30, 1, 0, 0
14: 54, 15, 1, 0, 0
15: 51, 18, 2, 1, 5
16: 50, 16, 2, 0, 0
17: 52, 24, 2, 0, 0
18: 49, 14, 3, 0, 0
19: 46, 21, 1, 0, 0
20: 54, 18, 1, 0, 0
21: 44, 23, 0, 2, 0
22: 48, 19, 1, 0, 0
23: 51, 19, 0, 0, 0
24: 45, 23, 4, 0, 0
25: 56, 21, 2, 0, 0
26: 49, 23, 0, 0, 4
27: 39, 22, 2, 0, 0
28: 53, 20, 3, 0, 0
29: 46, 21, 2, 1, 0
30: 47, 26, 1, 0, 0
31: 51, 24, 2, 0, 0
32: 54, 21, 2, 0, 0
33: 48, 22, 1, 0, 0
34: 53, 19, 3, 0, 0
35: 51, 25, 3, 1, 0
36: 47, 20, 2, 0, 0
37: 44, 16, 1, 0, 0
38: 52, 16, 1, 1, 0
39: 52, 15, 1, 0, 0
40: 50, 23, 0, 0, 0
41: 51, 22, 3, 0, 3
42: 57, 26, 1, 3, 0
43: 40, 19, 3, 0, 0
44: 53, 22, 6, 0, 0
45: 54, 23, 3, 0, 0
46: 39, 20, 1, 0, 0
47: 52, 13, 2, 2, 0
48: 49, 20, 0, 0, 0
49: 42, 14, 0, 0, 0
50: 51, 24, 1, 0, 0
51: 40, 28, 1, 0, 0
52: 60, 15, 5, 1, 0
53: 48, 18, 0, 0, 0
54: 51, 13, 3, 0, 0
55: 53, 26, 1, 0, 0
56: 56, 25, 0, 0, 0
57: 51, 22, 1, 0, 0
58: 56, 18, 3, 1, 6
59: 56, 16, 0, 0, 0
60: 49, 19, 1, 0, 0
61: 56, 29, 1, 0, 0
62: 51, 18, 3, 0, 0
63: 56, 16, 3, 2, 0
64: 51, 16, 1, 0, 0
65: 56, 28, 3, 0, 0
66: 46, 14, 4, 0, 0
67: 49, 18, 4, 0, 0
68: 43, 17, 2, 0, 0
69: 48, 16, 2, 0, 0
70: 47, 14, 4, 1, 5
71: 45, 26, 3, 0, 0
72: 51, 25, 2, 0, 0
73: 47, 20, 1, 0, 0
74: 53, 22, 0, 2, 0
75: 43, 18, 2, 0, 0
76: 46, 22, 2, 0, 0
77: 51, 12, 1, 0, 0
78: 47, 16, 1, 1, 0
79: 44, 20, 1, 0, 0
80: 55, 20, 1, 0, 0
81: 57, 14, 2, 0, 12
82: 52, 14, 4, 0, 0
83: 55, 16, 0, 0, 0
84: 51, 26, 4, 1, 0
85: 54, 23, 4, 0, 0
86: 50, 22, 4, 0, 0
87: 54, 22, 0, 0, 0
88: 49, 27, 4, 1, 0
89: 47, 18, 1, 0, 0
90: 49, 19, 1, 0, 0
91: 56, 9, 4, 0, 0
92: 43, 20, 2, 0, 0
93: 55, 22, 1, 0, 0
94: 47, 22, 4, 0, 0
95: 52, 16, 3, 0, 9
96: 50, 19, 0, 1, 0
97: 49, 14, 2, 0, 0
98: 56, 20, 1, 0, 0
99: 46, 19, 2, 1, 0
100: 51, 15, 2, 0, 0
101: 49, 23, 4, 0, 0
102: 52, 22, 1, 2, 0
103: 47, 26, 3, 0, 0
104: 50, 25, 2, 0, 0
105: 47, 30, 1, 0, 0
106: 54, 19, 0, 0, 0
107: 50, 21, 2, 0, 0
108: 50, 15, 0, 0, 0
109: 44, 28, 4, 0, 0
110: 48, 14, 1, 0, 0
111: 52, 24, 1, 0, 0
112: 53, 19, 1, 0, 12
113: 46, 25, 2, 2, 0
114: 48, 16, 1, 0, 0
115: 54, 20, 4, 0, 0
116: 50, 15, 1, 0, 0
117: 48, 20, 3, 0, 0
118: 56, 14, 1, 0, 0
119: 38, 22, 4, 0, 0
Repair tasks in scenario 2 (per month V and type >):
0: 45, 18, 3, 0, 0
1: 42, 15, 1, 0, 0
2: 51, 23, 1, 0, 0
3: 58, 19, 1, 0, 0
4: 50, 18, 2, 0, 0
5: 55, 17, 0, 0, 0
6: 57, 23, 0, 0, 0
7: 53, 18, 2, 1, 0
8: 44, 21, 2, 0, 0
9: 44, 17, 4, 0, 0
10: 53, 20, 2, 2, 0
11: 52, 12, 0, 0, 0
12: 51, 21, 1, 0, 0
13: 48, 22, 4, 0, 0
14: 51, 19, 5, 0, 0
15: 38, 23, 0, 5, 4
16: 49, 21, 1, 0, 0
17: 43, 23, 1, 0, 0
18: 50, 25, 3, 0, 0
19: 48, 15, 3, 0, 0
20: 39, 15, 1, 0, 0
21: 50, 27, 3, 0, 0
22: 44, 24, 3, 0, 0
23: 44, 26, 4, 0, 0
24: 41, 11, 1, 0, 0
25: 48, 21, 2, 0, 0
26: 44, 19, 1, 0, 5
27: 43, 15, 5, 0, 0
28: 50, 21, 2, 0, 0
29: 45, 25, 3, 0, 0
30: 51, 15, 3, 0, 0
31: 38, 27, 3, 0, 0
32: 52, 17, 2, 0, 0
33: 58, 16, 2, 0, 0
34: 58, 19, 2, 0, 0
35: 53, 19, 1, 2, 0
36: 54, 17, 1, 0, 0
37: 42, 23, 4, 0, 0
38: 43, 17, 2, 0, 0
39: 56, 21, 1, 0, 0
40: 47, 25, 2, 0, 0
41: 50, 24, 2, 0, 8
42: 45, 19, 1, 2, 0
43: 44, 12, 0, 0, 0
44: 53, 20, 0, 0, 0
45: 53, 17, 0, 0, 0
46: 51, 22, 3, 0, 0
47: 48, 16, 1, 3, 0
48: 50, 20, 1, 0, 0
49: 52, 16, 2, 0, 0
50: 48, 19, 0, 0, 0
51: 46, 21, 1, 0, 0
52: 53, 21, 0, 2, 0
53: 49, 20, 2, 0, 0
54: 49, 21, 1, 0, 0
55: 46, 22, 0, 0, 0
56: 54, 24, 2, 0, 0
57: 49, 19, 2, 0, 0
58: 53, 13, 2, 1, 9
59: 59, 20, 2, 0, 0
60: 55, 22, 3, 0, 0
61: 52, 16, 5, 0, 0
62: 49, 17, 3, 0, 0
63: 53, 22, 4, 1, 0
64: 44, 20, 2, 0, 0
65: 51, 23, 3, 0, 0
66: 54, 25, 0, 1, 0
67: 55, 16, 1, 0, 0
68: 53, 25, 2, 0, 0
69: 45, 22, 1, 0, 0
70: 46, 21, 1, 2, 6
71: 47, 22, 2, 0, 0
72: 48, 15, 1, 0, 0
73: 46, 25, 4, 0, 0
74: 46, 20, 2, 4, 0
75: 53, 23, 3, 0, 0
76: 55, 19, 2, 0, 0
77: 57, 14, 0, 0, 0
78: 45, 21, 0, 1, 0
79: 38, 19, 3, 0, 0
80: 56, 18, 4, 0, 0
81: 49, 19, 0, 0, 4
82: 48, 18, 2, 0, 0
83: 49, 25, 1, 0, 0
84: 52, 25, 3, 2, 0
85: 49, 16, 1, 0, 0
86: 42, 23, 1, 0, 0
87: 50, 20, 3, 0, 0
88: 54, 15, 2, 0, 0
89: 50, 22, 1, 0, 0
90: 48, 21, 2, 0, 0
91: 42, 22, 0, 0, 0
92: 51, 28, 2, 4, 0
93: 59, 23, 1, 0, 0
94: 45, 25, 3, 0, 0
95: 51, 27, 7, 0, 6
96: 57, 21, 1, 2, 0
97: 48, 21, 3, 0, 0
98: 49, 18, 0, 0, 0
99: 56, 18, 4, 1, 0
100: 48, 17, 2, 0, 0
101: 49, 21, 0, 0, 0
102: 45, 21, 1, 0, 0
103: 46, 15, 1, 0, 0
104: 49, 22, 0, 0, 0
105: 46, 23, 4, 0, 0
106: 54, 25, 5, 0, 0
107: 51, 16, 2, 0, 0
108: 51, 20, 1, 3, 0
109: 51, 25, 1, 0, 0
110: 50, 13, 3, 0, 0
111: 56, 21, 0, 0, 0
112: 56, 17, 3, 0, 8
113: 53, 13, 0, 2, 0
114: 51, 15, 1, 0, 0
115: 55, 19, 4, 0, 0
116: 48, 24, 2, 0, 0
117: 49, 22, 0, 0, 0
118: 52, 16, 2, 3, 0
119: 50, 20, 3, 0, 0
Repair tasks in scenario 3 (per month V and type >):
0: 51, 20, 3, 0, 0
1: 47, 12, 2, 0, 0
2: 57, 12, 1, 3, 0
3: 58, 17, 2, 0, 0
4: 46, 15, 1, 0, 0
5: 52, 19, 3, 0, 0
6: 44, 23, 2, 0, 0
7: 55, 14, 3, 1, 0
8: 40, 16, 3, 0, 0
9: 50, 16, 2, 0, 0
10: 53, 24, 2, 1, 0
11: 52, 19, 2, 0, 0
12: 40, 15, 5, 0, 0
13: 56, 21, 1, 0, 0
14: 48, 18, 1, 0, 0
15: 52, 20, 1, 1, 11
16: 48, 22, 1, 0, 0
17: 56, 15, 1, 0, 0
18: 47, 15, 1, 0, 0
19: 50, 14, 0, 0, 0
20: 47, 24, 6, 0, 0
21: 52, 22, 1, 1, 0
22: 54, 19, 1, 0, 0
23: 42, 20, 1, 0, 0
24: 47, 15, 1, 0, 0
25: 56, 13, 1, 0, 0
26: 52, 26, 2, 0, 6
27: 54, 22, 2, 0, 0
28: 52, 14, 0, 0, 0
29: 45, 17, 2, 3, 0
30: 54, 21, 1, 0, 0
31: 55, 18, 1, 0, 0
32: 52, 18, 1, 0, 0
33: 46, 23, 2, 0, 0
34: 51, 20, 3, 0, 0
35: 50, 18, 1, 2, 0
36: 52, 16, 1, 0, 0
37: 47, 21, 1, 0, 0
38: 55, 21, 2, 2, 0
39: 52, 25, 2, 0, 0
40: 51, 22, 3, 0, 0
41: 49, 19, 1, 0, 5
42: 53, 25, 0, 3, 0
43: 55, 20, 0, 0, 0
44: 40, 22, 6, 0, 0
45: 56, 15, 2, 0, 0
46: 49, 12, 2, 0, 0
47: 56, 25, 3, 2, 0
48: 47, 25, 2, 0, 0
49: 50, 16, 3, 0, 0
50: 49, 14, 2, 0, 0
51: 54, 24, 2, 0, 0
52: 51, 13, 4, 1, 0
53: 56, 29, 0, 0, 0
54: 52, 18, 0, 0, 0
55: 52, 16, 3, 0, 0
56: 47, 18, 3, 0, 0
57: 48, 20, 3, 0, 0
58: 47, 13, 3, 1, 12
59: 40, 18, 4, 0, 0
60: 49, 24, 2, 0, 0
61: 45, 22, 2, 0, 0
62: 57, 17, 2, 0, 0
63: 49, 25, 3, 1, 0
64: 50, 22, 3, 0, 0
65: 40, 19, 3, 0, 0
66: 44, 22, 2, 1, 0
67: 50, 19, 0, 0, 0
68: 45, 15, 2, 0, 0
69: 49, 22, 1, 0, 0
70: 48, 20, 2, 1, 8
71: 52, 19, 3, 0, 0
72: 42, 19, 1, 0, 0
73: 51, 15, 0, 0, 0
74: 50, 29, 1, 1, 0
75: 40, 21, 2, 0, 0
76: 56, 19, 3, 0, 0
77: 50, 25, 4, 0, 0
78: 51, 14, 1, 0, 0
79: 45, 19, 2, 0, 0
80: 55, 15, 1, 0, 0
81: 53, 21, 1, 0, 6
82: 56, 19, 1, 0, 0
83: 49, 16, 2, 0, 0
84: 52, 17, 1, 1, 0
85: 50, 15, 2, 0, 0
86: 53, 24, 4, 0, 0
87: 53, 22, 3, 0, 0
88: 53, 11, 1, 2, 0
89: 52, 24, 4, 0, 0
90: 49, 22, 1, 0, 0
91: 57, 13, 2, 0, 0
92: 50, 18, 1, 2, 0
93: 56, 20, 3, 0, 0
94: 46, 18, 4, 0, 0
95: 51, 22, 4, 0, 4
96: 49, 24, 2, 2, 0
97: 49, 22, 2, 0, 0
98: 48, 17, 1, 0, 0
99: 55, 25, 2, 1, 0
100: 48, 20, 1, 0, 0
101: 46, 25, 0, 0, 0
102: 54, 19, 0, 1, 0
103: 49, 21, 0, 0, 0
104: 52, 22, 0, 0, 0
105: 52, 23, 1, 0, 0
106: 61, 26, 5, 0, 0
107: 49, 15, 4, 0, 0
108: 52, 18, 0, 3, 0
109: 56, 14, 1, 0, 0
110: 47, 23, 3, 0, 0
111: 46, 20, 0, 0, 0
112: 55, 16, 0, 0, 4
113: 54, 23, 1, 0, 0
114: 50, 25, 1, 0, 0
115: 50, 14, 4, 0, 0
116: 47, 25, 0, 0, 0
117: 54, 25, 2, 0, 0
118: 52, 20, 1, 1, 0
119: 41, 24, 1, 0, 0
Repair tasks in scenario 4 (per month V and type >):
0: 44, 21, 2, 0, 0
1: 50, 24, 0, 0, 0
2: 51, 16, 3, 2, 0
3: 58, 22, 2, 0, 0
4: 46, 16, 3, 0, 0
5: 51, 28, 0, 0, 0
6: 43, 18, 2, 0, 0
7: 47, 18, 2, 0, 0
8: 53, 20, 5, 0, 0
9: 44, 26, 0, 0, 0
10: 60, 19, 1, 0, 0
11: 41, 21, 1, 0, 0
12: 49, 28, 2, 0, 0
13: 48, 20, 3, 0, 0
14: 53, 16, 3, 0, 0
15: 57, 22, 0, 0, 8
16: 44, 23, 2, 0, 0
17: 59, 21, 6, 0, 0
18: 47, 13, 1, 0, 0
19: 48, 20, 1, 0, 0
20: 44, 25, 2, 0, 0
21: 46, 27, 1, 3, 0
22: 47, 23, 3, 0, 0
23: 51, 28, 2, 0, 0
24: 50, 18, 2, 0, 0
25: 50, 22, 1, 0, 0
26: 50, 26, 3, 0, 7
27: 49, 22, 7, 0, 0
28: 53, 23, 2, 0, 0
29: 48, 21, 0, 1, 0
30: 54, 24, 0, 0, 0
31: 47, 21, 8, 0, 0
32: 48, 17, 2, 0, 0
33: 44, 8, 2, 0, 0
34: 48, 17, 0, 0, 0
35: 39, 18, 2, 1, 0
36: 49, 22, 1, 0, 0
37: 49, 20, 2, 0, 0
38: 53, 19, 1, 2, 0
39: 45, 21, 1, 0, 0
40: 47, 19, 3, 0, 0
41: 45, 19, 1, 0, 9
42: 50, 28, 2, 0, 0
43: 50, 23, 1, 0, 0
44: 59, 13, 1, 0, 0
45: 52, 27, 2, 0, 0
46: 49, 14, 2, 0, 0
47: 50, 20, 2, 0, 0
48: 51, 14, 4, 0, 0
49: 51, 22, 1, 0, 0
50: 47, 21, 1, 0, 0
51: 52, 22, 2, 0, 0
52: 56, 20, 3, 2, 0
53: 50, 22, 2, 0, 0
54: 49, 16, 1, 0, 0
55: 54, 15, 1, 0, 0
56: 51, 15, 4, 0, 0
57: 53, 17, 1, 0, 0
58: 56, 25, 0, 1, 11
59: 52, 21, 0, 0, 0
60: 49, 19, 1, 0, 0
61: 55, 18, 0, 0, 0
62: 48, 14, 2, 0, 0
63: 57, 17, 3, 2, 0
64: 51, 23, 1, 0, 0
65: 51, 15, 0, 0, 0
66: 52, 19, 4, 2, 0
67: 55, 19, 1, 0, 0
68: 56, 16, 0, 0, 0
69: 55, 23, 2, 0, 0
70: 47, 22, 3, 0, 6
71: 53, 24, 4, 0, 0
72: 50, 25, 2, 0, 0
73: 50, 16, 1, 0, 0
74: 54, 20, 0, 1, 0
75: 58, 20, 1, 0, 0
76: 45, 16, 3, 0, 0
77: 50, 20, 0, 0, 0
78: 46, 22, 0, 2, 0
79: 53, 21, 2, 0, 0
80: 49, 22, 4, 0, 0
81: 50, 21, 3, 0, 4
82: 58, 14, 0, 0, 0
83: 58, 24, 1, 0, 0
84: 53, 22, 1, 3, 0
85: 41, 17, 1, 0, 0
86: 50, 19, 2, 0, 0
87: 51, 22, 2, 0, 0
88: 53, 17, 1, 1, 0
89: 53, 16, 1, 0, 0
90: 54, 27, 5, 0, 0
91: 48, 23, 1, 0, 0
92: 45, 23, 5, 2, 0
93: 47, 22, 1, 0, 0
94: 49, 17, 3, 0, 0
95: 55, 17, 1, 0, 7
96: 51, 20, 4, 2, 0
97: 49, 13, 2, 0, 0
98: 45, 25, 1, 0, 0
99: 47, 20, 0, 3, 0
100: 57, 12, 1, 0, 0
101: 45, 12, 1, 0, 0
102: 47, 18, 2, 1, 0
103: 50, 22, 2, 0, 0
104: 55, 15, 4, 0, 0
105: 54, 14, 2, 0, 0
106: 45, 25, 4, 0, 0
107: 47, 23, 4, 0, 0
108: 53, 17, 3, 3, 0
109: 48, 22, 0, 0, 0
110: 50, 13, 0, 0, 0
111: 48, 23, 0, 0, 0
112: 49, 20, 1, 0, 11
113: 55, 22, 3, 0, 0
114: 52, 24, 1, 0, 0
115: 51, 14, 1, 0, 0
116: 48, 18, 2, 0, 0
117: 46, 22, 1, 0, 0
118: 52, 14, 3, 2, 0
119: 50, 16, 1, 0, 0
Unhandled tasks in scenario 0 (per month V and type >):
0: 0, 0, 0, 0, 0
1: 0, 0, 0, 0, 0
2: 0, 0, 0, 0, 0
3: 0, 0, 0, 0, 0
4: 0, 0, 0, 1, 1
5: 0, 0, 0, 1, 3
6: 0, 0, 0, 2, 3
7: 0, 0, 1, 0, 3
8: 0, 0, 0, 0, 3
9: 0, 0, 3, 0, 3
10: 0, 0, 1, 0, 3
11: 0, 0, 2, 0, 3
12: 0, 0, 0, 1, 3
13: 0, 0, 0, 2, 4
14: 1, 0, 0, 2, 4
15: 0, 0, 0, 0, 0
16: 0, 0, 0, 0, 0
17: 0, 0, 0, 1, 0
18: 0, 0, 0, 1, 1
19: 0, 0, 0, 1, 3
20: 0, 0, 0, 1, 3
21: 0, 0, 0, 0, 4
22: 0, 0, 0, 0, 6
23: 0, 0, 0, 0, 6
24: 0, 0, 0, 0, 6
25: 0, 0, 0, 0, 7
26: 0, 0, 0, 0, 0
27: 0, 0, 0, 0, 1
28: 0, 0, 0, 0, 2
29: 0, 0, 0, 0, 3
30: 0, 0, 0, 0, 3
31: 0, 0, 0, 0, 3
32: 0, 0, 0, 0, 3
33: 0, 0, 0, 0, 4
34: 0, 0, 0, 1, 5
35: 0, 0, 0, 0, 5
36: 0, 0, 0, 0, 5
37: 0, 0, 0, 1, 5
38: 0, 0, 0, 0, 5
39: 0, 0, 0, 0, 5
40: 0, 0, 0, 0, 5
41: 0, 0, 0, 0, 0
42: 0, 0, 0, 0, 0
43: 0, 0, 0, 0, 0
44: 0, 0, 0, 0, 0
45: 0, 0, 0, 0, 0
46: 0, 0, 0, 2, 0
47: 0, 0, 0, 0, 1
48: 0, 0, 0, 0, 2
49: 0, 0, 0, 0, 2
50: 0, 0, 0, 0, 2
51: 0, 0, 0, 0, 4
52: 0, 0, 0, 0, 4
53: 0, 0, 0, 1, 5
54: 0, 0, 0, 1, 5
55: 0, 0, 0, 1, 5
56: 0, 0, 0, 1, 6
57: 0, 0, 0, 1, 6
58: 0, 0, 0, 0, 0
59: 0, 0, 0, 0, 0
60: 0, 0, 0, 0, 0
61: 0, 0, 0, 1, 0
62: 0, 0, 0, 1, 1
63: 0, 0, 0, 0, 2
64: 0, 0, 0, 0, 2
65: 0, 0, 0, 0, 2
66: 0, 0, 0, 0, 3
67: 0, 0, 0, 0, 3
68: 0, 0, 0, 0, 3
69: 0, 0, 0, 0, 3
70: 0, 0, 0, 0, 0
71: 0, 0, 0, 0, 1
72: 0, 0, 0, 0, 1
73: 0, 0, 0, 0, 3
74: 0, 0, 0, 0, 3
75: 0, 0, 0, 0, 3
76: 0, 0, 0, 1, 5
77: 0, 0, 0, 1, 6
78: 0, 0, 0, 0, 7
79: 0, 0, 0, 0, 8
80: 0, 0, 0, 0, 9
81: 0, 0, 0, 0, 0
82: 0, 0, 0, 0, 0
83: 0, 0, 0, 0, 0
84: 0, 0, 0, 0, 0
85: 0, 0, 0, 0, 0
86: 0, 0, 0, 0, 0
87: 0, 0, 0, 0, 1
88: 0, 0, 0, 0, 1
89: 0, 0, 0, 0, 2
90: 0, 0, 0, 0, 3
91: 0, 0, 0, 0, 3
92: 0, 0, 0, 0, 3
93: 0, 0, 0, 0, 3
94: 0, 0, 0, 0, 3
95: 0, 0, 0, 1, 0
96: 0, 0, 0, 0, 0
97: 0, 0, 0, 0, 0
98: 0, 0, 0, 0, 0
99: 0, 0, 0, 0, 0
100: 0, 0, 0, 0, 1
101: 0, 0, 0, 2, 1
102: 0, 0, 0, 0, 2
103: 0, 0, 0, 0, 2
104: 0, 0, 0, 1, 3
105: 0, 0, 0, 1, 4
106: 0, 0, 0, 1, 4
107: 0, 0, 0, 1, 4
108: 0, 0, 0, 0, 4
109: 0, 0, 0, 0, 4
110: 0, 0, 0, 0, 5
111: 0, 0, 0, 0, 5
112: 0, 0, 0, 0, 0
113: 0, 0, 0, 0, 0
114: 0, 0, 0, 0, 0
115: 0, 0, 0, 0, 1
116: 0, 0, 0, 0, 3
117: 0, 0, 0, 0, 3
118: 0, 0, 0, 0, 3
119: 0, 0, 0, 0, 3
Unhandled tasks in scenario 1 (per month V and type >):
0: 0, 0, 0, 0, 0
1: 0, 0, 0, 0, 0
2: 0, 0, 0, 0, 0
3: 0, 0, 0, 0, 0
4: 0, 0, 1, 0, 1
5: 0, 0, 0, 0, 1
6: 0, 0, 1, 0, 1
7: 0, 0, 0, 0, 1
8: 0, 0, 0, 0, 2
9: 0, 0, 0, 1, 2
10: 0, 0, 0, 0, 3
11: 0, 2, 1, 0, 3
12: 0, 1, 0, 0, 4
13: 0, 0, 0, 0, 4
14: 0, 0, 0, 1, 4
15: 0, 0, 1, 0, 0
16: 0, 0, 0, 0, 0
17: 0, 0, 0, 0, 0
18: 0, 0, 0, 0, 1
19: 0, 0, 0, 1, 2
20: 0, 0, 0, 1, 2
21: 0, 0, 0, 0, 3
22: 0, 0, 0, 0, 3
23: 0, 0, 0, 0, 3
24: 0, 0, 0, 0, 3
25: 0, 0, 0, 0, 4
26: 0, 0, 0, 0, 0
27: 0, 0, 0, 0, 0
28: 0, 0, 0, 1, 0
29: 0, 0, 0, 0, 2
30: 0, 0, 0, 0, 2
31: 0, 0, 0, 0, 2
32: 0, 0, 0, 0, 2
33: 0, 0, 0, 0, 2
34: 0, 0, 0, 0, 2
35: 0, 0, 0, 0, 2
36: 0, 0, 0, 0, 2
37: 0, 0, 0, 0, 3
38: 0, 0, 0, 0, 3
39: 0, 0, 0, 1, 3
40: 0, 0, 0, 2, 3
41: 0, 0, 0, 3, 0
42: 0, 0, 0, 0, 1
43: 0, 0, 0, 1, 1
44: 0, 0, 0, 1, 1
45: 0, 0, 0, 1, 1
46: 0, 0, 0, 2, 1
47: 0, 0, 0, 0, 1
48: 0, 0, 0, 0, 1
49: 0, 0, 0, 0, 2
50: 0, 0, 0, 1, 2
51: 0, 0, 0, 1, 2
52: 0, 0, 0, 0, 2
53: 0, 0, 0, 0, 4
54: 0, 0, 0, 0, 4
55: 0, 0, 0, 0, 5
56: 0, 0, 0, 0, 5
57: 0, 0, 0, 1, 5
58: 0, 0, 0, 0, 0
59: 0, 0, 0, 1, 0
60: 0, 0, 0, 1, 0
61: 0, 0, 0, 1, 1
62: 0, 0, 0, 2, 2
63: 0, 0, 0, 0, 2
64: 0, 0, 0, 0, 2
65: 0, 0, 0, 0, 2
66: 0, 0, 0, 0, 3
67: 0, 0, 0, 0, 3
68: 0, 0, 0, 0, 3
69: 0, 0, 0, 1, 5
70: 0, 0, 0, 0, 1
71: 0, 0, 0, 0, 1
72: 0, 0, 0, 0, 1
73: 0, 0, 0, 1, 2
74: 0, 0, 0, 0, 3
75: 0, 0, 0, 0, 4
76: 0, 0, 0, 0, 4
77: 0, 0, 0, 1, 6
78: 0, 0, 0, 0, 8
79: 0, 0, 0, 0, 9
80: 0, 0, 0, 0, 10
81: 0, 0, 0, 0, 0
82: 0, 0, 0, 1, 1
83: 0, 0, 0, 1, 2
84: 0, 0, 0, 0, 3
85: 0, 0, 0, 0, 4
86: 0, 0, 0, 0, 5
87: 0, 0, 0, 0, 5
88: 0, 0, 0, 0, 6
89: 0, 0, 0, 0, 6
90: 0, 0, 0, 0, 7
91: 0, 0, 0, 0, 7
92: 0, 0, 0, 0, 7
93: 0, 0, 0, 0, 7
94: 0, 0, 0, 0, 8
95: 0, 0, 0, 0, 0
96: 0, 0, 0, 0, 0
97: 0, 0, 0, 0, 1
98: 0, 0, 0, 0, 1
99: 0, 0, 0, 0, 2
100: 0, 0, 0, 0, 4
101: 0, 0, 0, 0, 4
102: 0, 0, 0, 0, 5
103: 0, 0, 0, 0, 5
104: 0, 0, 0, 0, 6
105: 0, 0, 0, 0, 7
106: 0, 0, 0, 0, 8
107: 0, 0, 0, 0, 8
108: 0, 0, 0, 0, 9
109: 0, 0, 0, 1, 9
110: 0, 0, 0, 1, 9
111: 0, 0, 0, 2, 10
112: 0, 0, 0, 2, 0
113: 0, 0, 0, 0, 0
114: 0, 0, 0, 0, 1
115: 0, 0, 0, 0, 4
116: 0, 0, 0, 0, 4
117: 0, 0, 0, 0, 6
118: 0, 0, 0, 0, 6
119: 0, 0, 0, 0, 8
Unhandled tasks in scenario 2 (per month V and type >):
0: 0, 0, 0, 0, 0
1: 0, 0, 0, 0, 0
2: 0, 0, 0, 0, 0
3: 0, 0, 0, 0, 0
4: 0, 0, 0, 0, 1
5: 0, 0, 0, 0, 1
6: 0, 0, 1, 1, 1
7: 0, 0, 0, 0, 2
8: 0, 0, 0, 1, 2
9: 0, 0, 1, 1, 2
10: 0, 0, 0, 0, 2
11: 0, 0, 0, 0, 3
12: 0, 0, 0, 1, 3
13: 0, 0, 3, 2, 3
14: 0, 0, 0, 2, 3
15: 0, 0, 0, 0, 0
16: 0, 0, 0, 0, 1
17: 0, 0, 0, 0, 2
18: 0, 0, 0, 0, 2
19: 0, 0, 0, 0, 2
20: 0, 0, 0, 0, 2
21: 0, 0, 0, 0, 2
22: 0, 0, 0, 0, 2
23: 0, 0, 0, 0, 2
24: 0, 0, 0, 0, 4
25: 0, 0, 0, 0, 5
26: 0, 0, 0, 0, 0
27: 0, 0, 0, 0, 0
28: 0, 0, 0, 0, 1
29: 0, 0, 0, 0, 1
30: 0, 0, 0, 1, 1
31: 0, 0, 0, 1, 2
32: 0, 0, 0, 2, 3
33: 0, 0, 0, 2, 3
34: 0, 0, 0, 2, 4
35: 0, 0, 0, 0, 5
36: 0, 0, 0, 0, 6
37: 0, 0, 0, 0, 6
38: 0, 0, 0, 0, 6
39: 0, 0, 0, 1, 7
40: 0, 0, 0, 1, 7
41: 0, 0, 0, 2, 0
42: 0, 0, 0, 0, 0
43: 0, 0, 0, 0, 0
44: 0, 0, 0, 0, 0
45: 0, 0, 0, 0, 2
46: 0, 0, 0, 1, 2
47: 0, 0, 0, 0, 2
48: 0, 0, 0, 0, 2
49: 0, 0, 0, 1, 3
50: 0, 0, 0, 1, 3
51: 0, 0, 0, 1, 3
52: 0, 0, 0, 0, 4
53: 0, 0, 0, 0, 5
54: 0, 0, 0, 0, 6
55: 0, 0, 0, 0, 6
56: 0, 0, 0, 0, 6
57: 0, 0, 0, 0, 7
58: 0, 0, 0, 0, 0
59: 0, 0, 0, 0, 1
60: 0, 0, 0, 0, 1
61: 0, 0, 0, 0, 1
62: 0, 0, 0, 0, 1
63: 0, 0, 0, 0, 1
64: 0, 0, 0, 0, 3
65: 0, 0, 0, 0, 3
66: 0, 0, 0, 0, 4
67: 0, 0, 0, 0, 5
68: 0, 0, 0, 0, 5
69: 0, 0, 0, 1, 6
70: 0, 0, 0, 0, 0
71: 0, 0, 0, 1, 1
72: 0, 0, 0, 1, 1
73: 0, 0, 0, 4, 1
74: 0, 0, 0, 0, 1
75: 0, 0, 0, 0, 1
76: 0, 0, 0, 1, 1
77: 0, 0, 0, 1, 1
78: 0, 0, 0, 0, 2
79: 0, 0, 0, 0, 2
80: 0, 0, 0, 0, 2
81: 0, 0, 0, 1, 0
82: 0, 0, 0, 1, 0
83: 0, 0, 0, 1, 0
84: 0, 0, 0, 0, 0
85: 0, 0, 0, 0, 0
86: 0, 0, 0, 0, 0
87: 0, 0, 0, 0, 1
88: 0, 0, 0, 0, 2
89: 0, 0, 0, 1, 2
90: 0, 0, 0, 3, 3
91: 0, 0, 0, 3, 4
92: 0, 0, 0, 0, 4
93: 0, 0, 0, 0, 4
94: 0, 0, 0, 0, 4
95: 0, 0, 0, 0, 0
96: 0, 0, 0, 0, 0
97: 0, 0, 0, 0, 0
98: 0, 0, 0, 1, 0
99: 0, 0, 0, 0, 0
100: 0, 0, 0, 0, 0
101: 0, 0, 0, 0, 1
102: 0, 0, 0, 0, 2
103: 0, 0, 0, 0, 3
104: 0, 0, 0, 0, 3
105: 0, 0, 0, 1, 3
106: 0, 0, 0, 1, 3
107: 0, 0, 0, 1, 3
108: 0, 0, 0, 0, 4
109: 0, 0, 0, 0, 4
110: 0, 0, 0, 1, 6
111: 0, 0, 0, 1, 7
112: 0, 0, 0, 1, 0
113: 0, 0, 0, 0, 0
114: 0, 0, 0, 0, 0
115: 0, 0, 0, 0, 0
116: 0, 0, 0, 1, 1
117: 0, 0, 0, 2, 1
118: 0, 0, 0, 0, 1
119: 0, 0, 0, 0, 2
Unhandled tasks in scenario 3 (per month V and type >):
0: 0, 0, 0, 1, 0
1: 0, 0, 0, 1, 0
2: 0, 0, 0, 0, 2
3: 0, 0, 0, 0, 2
4: 0, 0, 0, 0, 2
5: 0, 0, 0, 0, 2
6: 0, 0, 0, 0, 2
7: 0, 0, 0, 0, 3
8: 0, 0, 0, 0, 4
9: 0, 0, 0, 1, 4
10: 0, 0, 0, 0, 4
11: 0, 0, 1, 0, 7
12: 0, 0, 0, 0, 7
13: 0, 0, 0, 0, 7
14: 0, 0, 0, 1, 8
15: 0, 0, 0, 0, 0
16: 0, 0, 0, 1, 2
17: 0, 0, 0, 1, 2
18: 0, 0, 0, 1, 3
19: 0, 0, 0, 1, 3
20: 0, 0, 0, 1, 4
21: 0, 0, 0, 0, 4
22: 0, 0, 0, 0, 4
23: 0, 0, 0, 0, 5
24: 0, 0, 0, 1, 6
25: 0, 0, 0, 1, 6
26: 0, 0, 0, 2, 0
27: 0, 0, 0, 2, 0
28: 0, 0, 0, 2, 0
29: 0, 0, 0, 0, 0
30: 0, 0, 0, 0, 0
31: 0, 0, 0, 1, 1
32: 0, 0, 0, 1, 1
33: 0, 0, 0, 1, 1
34: 0, 0, 0, 1, 1
35: 0, 0, 0, 0, 1
36: 0, 0, 0, 0, 1
37: 0, 0, 0, 0, 1
38: 0, 0, 0, 0, 2
39: 0, 0, 0, 0, 4
40: 0, 0, 0, 1, 5
41: 0, 0, 0, 2, 0
42: 0, 0, 0, 0, 0
43: 0, 0, 0, 0, 1
44: 0, 0, 0, 0, 2
45: 0, 0, 0, 1, 2
46: 0, 0, 0, 2, 3
47: 0, 0, 0, 0, 4
48: 0, 0, 0, 0, 6
49: 0, 0, 0, 0, 6
50: 0, 0, 0, 0, 8
51: 0, 0, 0, 1, 10
52: 0, 0, 0, 0, 10
53: 0, 0, 0, 0, 11
54: 0, 0, 0, 0, 11
55: 0, 0, 0, 0, 11
56: 0, 0, 0, 1, 11
57: 0, 0, 0, 1, 11
58: 0, 0, 0, 0, 0
59: 0, 0, 0, 0, 1
60: 0, 0, 0, 0, 1
61: 0, 0, 0, 1, 2
62: 0, 0, 0, 1, 3
63: 0, 0, 0, 0, 3
64: 0, 0, 0, 0, 5
65: 0, 0, 0, 0, 6
66: 0, 0, 0, 0, 6
67: 0, 0, 0, 0, 6
68: 0, 0, 0, 0, 7
69: 0, 0, 0, 0, 8
70: 0, 0, 0, 0, 0
71: 0, 0, 0, 0, 0
72: 0, 0, 0, 0, 1
73: 0, 0, 0, 0, 1
74: 0, 0, 0, 0, 1
75: 0, 0, 0, 0, 1
76: 0, 0, 0, 0, 1
77: 0, 0, 0, 0, 2
78: 0, 0, 0, 0, 3
79: 0, 0, 0, 0, 4
80: 0, 0, 0, 0, 4
81: 0, 0, 0, 0, 0
82: 0, 0, 0, 0, 0
83: 0, 0, 0, 0, 0
84: 0, 0, 0, 0, 1
85: 0, 0, 0, 0, 1
86: 0, 0, 0, 0, 1
87: 0, 0, 0, 1, 1
88: 0, 0, 0, 0, 1
89: 0, 0, 0, 0, 1
90: 0, 0, 0, 1, 2
91: 0, 0, 0, 2, 2
92: 0, 0, 0, 0, 2
93: 0, 0, 0, 0, 2
94: 0, 0, 0, 1, 3
95: 0, 0, 0, 2, 0
96: 0, 0, 0, 0, 0
97: 0, 0, 0, 0, 0
98: 0, 0, 0, 0, 0
99: 0, 0, 0, 0, 0
100: 0, 0, 0, 1, 0
101: 0, 0, 0, 1, 0
102: 0, 0, 0, 0, 0
103: 0, 0, 0, 0, 0
104: 0, 0, 0, 0, 0
105: 0, 0, 0, 0, 1
106: 0, 0, 0, 1, 2
107: 0, 0, 0, 1, 3
108: 0, 0, 0, 0, 3
109: 0, 0, 0, 0, 3
110: 0, 0, 0, 0, 4
111: 0, 0, 0, 0, 4
112: 0, 0, 0, 0, 0
113: 0, 0, 0, 0, 0
114: 0, 0, 0, 0, 0
115: 0, 0, 0, 1, 0
116: 0, 0, 0, 1, 1
117: 0, 0, 0, 1, 1
118: 0, 0, 0, 0, 1
119: 0, 0, 0, 0, 1
Unhandled tasks in scenario 4 (per month V and type >):
0: 0, 0, 0, 0, 0
1: 0, 0, 1, 1, 0
2: 0, 0, 0, 0, 0
3: 0, 0, 0, 0, 0
4: 0, 0, 0, 0, 0
5: 0, 0, 0, 0, 0
6: 0, 0, 0, 0, 0
7: 0, 0, 0, 0, 2
8: 0, 0, 0, 0, 2
9: 0, 0, 0, 0, 3
10: 0, 0, 0, 0, 3
11: 0, 0, 0, 0, 4
12: 0, 1, 1, 0, 6
13: 0, 0, 0, 0, 6
14: 0, 0, 0, 0, 6
15: 0, 0, 2, 0, 0
16: 0, 0, 1, 0, 0
17: 0, 0, 0, 0, 0
18: 0, 0, 0, 0, 2
19: 0, 0, 0, 0, 3
20: 0, 0, 0, 0, 3
21: 0, 0, 0, 0, 3
22: 0, 0, 0, 0, 3
23: 0, 0, 0, 0, 3
24: 0, 0, 0, 1, 4
25: 0, 0, 0, 1, 5
26: 0, 0, 0, 1, 0
27: 0, 0, 0, 1, 0
28: 0, 0, 0, 1, 0
29: 0, 0, 0, 0, 1
30: 0, 0, 0, 0, 1
31: 0, 0, 0, 0, 2
32: 0, 0, 0, 0, 2
33: 0, 0, 0, 0, 3
34: 0, 0, 0, 1, 5
35: 0, 0, 0, 0, 5
36: 0, 0, 1, 0, 5
37: 0, 0, 0, 1, 5
38: 0, 0, 0, 0, 7
39: 0, 0, 0, 0, 8
40: 0, 0, 0, 0, 8
41: 0, 0, 0, 0, 0
42: 0, 0, 0, 0, 1
43: 0, 0, 0, 0, 1
44: 0, 0, 0, 0, 1
45: 0, 0, 0, 0, 1
46: 0, 0, 0, 0, 1
47: 0, 0, 0, 0, 1
48: 0, 0, 0, 0, 2
49: 0, 0, 0, 0, 2
50: 0, 0, 0, 1, 4
51: 0, 0, 0, 1, 4
52: 0, 0, 0, 0, 6
53: 0, 0, 0, 0, 6
54: 0, 0, 0, 0, 7
55: 0, 0, 0, 0, 8
56: 0, 0, 0, 0, 10
57: 0, 0, 0, 1, 11
58: 0, 0, 0, 0, 0
59: 0, 0, 0, 0, 0
60: 0, 0, 0, 0, 1
61: 0, 0, 0, 1, 1
62: 0, 0, 0, 1, 3
63: 0, 0, 0, 0, 3
64: 0, 0, 0, 0, 4
65: 0, 0, 0, 1, 4
66: 0, 0, 0, 0, 4
67: 0, 0, 0, 0, 4
68: 0, 0, 0, 0, 4
69: 0, 0, 0, 0, 6
70: 0, 0, 0, 0, 0
71: 0, 0, 0, 0, 0
72: 0, 0, 0, 0, 0
73: 0, 0, 0, 1, 0
74: 0, 0, 0, 0, 0
75: 0, 0, 0, 0, 0
76: 0, 0, 0, 0, 0
77: 0, 0, 0, 1, 0
78: 0, 0, 0, 0, 2
79: 0, 0, 0, 0, 2
80: 0, 0, 0, 1, 3
81: 0, 0, 0, 1, 0
82: 0, 0, 0, 1, 0
83: 0, 0, 0, 2, 0
84: 0, 0, 0, 0, 0
85: 0, 0, 0, 1, 0
86: 0, 0, 0, 1, 0
87: 0, 0, 0, 1, 1
88: 0, 0, 0, 0, 2
89: 0, 0, 0, 0, 2
90: 0, 0, 0, 1, 2
91: 0, 0, 0, 1, 2
92: 0, 0, 0, 0, 3
93: 0, 0, 0, 0, 4
94: 0, 0, 0, 0, 6
95: 0, 0, 0, 1, 0
96: 0, 0, 0, 0, 2
97: 0, 0, 0, 2, 2
98: 0, 0, 0, 3, 2
99: 0, 0, 0, 0, 3
100: 0, 0, 0, 0, 3
101: 0, 0, 0, 0, 4
102: 0, 0, 0, 0, 4
103: 0, 0, 0, 1, 4
104: 0, 0, 0, 1, 4
105: 0, 0, 0, 1, 5
106: 0, 0, 0, 2, 7
107: 0, 0, 0, 3, 7
108: 0, 0, 0, 0, 7
109: 0, 0, 0, 0, 8
110: 0, 0, 0, 0, 9
111: 0, 0, 0, 0, 10
112: 0, 0, 0, 0, 0
113: 0, 0, 0, 0, 0
114: 0, 0, 0, 0, 2
115: 0, 0, 0, 0, 2
116: 0, 0, 0, 0, 2
117: 0, 0, 0, 0, 2
118: 0, 0, 0, 0, 2
119: 0, 0, 0, 0, 4
SCENARIO 0
Costs per month:
Month: Total (Vessel rentals + Planned downtime + Repairs + Unhandled failures)
0: 303816 (105000 + 0 + 198816 + 0)
1: 235964 (52500 + 0 + 183464 + 0)
2: 549084 (337500 + 0 + 211584 + 0)
3: 309744 (105000 + 0 + 204744 + 0)
4: 463660 (52500 + 0 + 192280 + 218880)
5: 720448 (105000 + 0 + 177688 + 437760)
6: 773740 (52500 + 0 + 174040 + 547200)
7: 1.02332e+06 (337500 + 0 + 248064 + 437760)
8: 598848 (105000 + 0 + 165528 + 328320)
9: 1.10887e+06 (157500 + 109440 + 185288 + 656640)
10: 1.17666e+06 (442500 + 100320 + 196080 + 437760)
11: 997148 (157500 + 109440 + 183008 + 547200)
12: 873572 (157500 + 100320 + 177992 + 437760)
13: 1.07619e+06 (157500 + 100320 + 161728 + 656640)
14: 1.237e+06 (157500 + 100320 + 213104 + 766080)
15: 5.53059e+06 (4.9425e+06 + 109440 + 478648 + 0)
16: 231404 (52500 + 0 + 178904 + 0)
17: 383008 (105000 + 0 + 168568 + 109440)
18: 588208 (105000 + 45600 + 218728 + 218880)
19: 667036 (52500 + 0 + 176776 + 437760)
20: 743400 (105000 + 36480 + 164160 + 437760)
21: 1.14164e+06 (390000 + 36480 + 277400 + 437760)
22: 1.0167e+06 (105000 + 45600 + 209456 + 656640)
23: 1.07254e+06 (157500 + 91200 + 167200 + 656640)
24: 944496 (105000 + 0 + 182856 + 656640)
25: 1.18168e+06 (157500 + 100320 + 157776 + 766080)
26: 5.23458e+06 (4.605e+06 + 36480 + 593104 + 0)
27: 446544 (105000 + 36480 + 195624 + 109440)
28: 674148 (157500 + 100320 + 197448 + 218880)
29: 1.04351e+06 (442500 + 100320 + 172368 + 328320)
30: 742700 (157500 + 100320 + 156560 + 328320)
31: 644144 (105000 + 9120 + 201704 + 328320)
32: 635176 (105000 + 27360 + 174496 + 328320)
33: 792496 (105000 + 45600 + 204136 + 437760)
34: 989488 (105000 + 45600 + 182248 + 656640)
35: 1.21126e+06 (390000 + 45600 + 228456 + 547200)
36: 787116 (52500 + 0 + 187416 + 547200)
37: 1.09884e+06 (157500 + 100320 + 184376 + 656640)
38: 1.24302e+06 (390000 + 45600 + 260224 + 547200)
39: 876704 (105000 + 45600 + 178904 + 547200)
40: 878680 (105000 + 45600 + 180880 + 547200)
41: 5.19248e+06 (4.605e+06 + 45600 + 541880 + 0)
42: 673784 (390000 + 45600 + 238184 + 0)
43: 359752 (105000 + 36480 + 218272 + 0)
44: 441436 (157500 + 91200 + 192736 + 0)
45: 414228 (157500 + 100320 + 156408 + 0)
46: 514488 (105000 + 9120 + 181488 + 218880)
47: 795992 (390000 + 36480 + 260072 + 109440)
48: 531968 (105000 + 45600 + 162488 + 218880)
49: 566928 (105000 + 54720 + 188328 + 218880)
50: 566624 (105000 + 45600 + 197144 + 218880)
51: 741880 (105000 + 45600 + 153520 + 437760)
52: 1.03494e+06 (390000 + 45600 + 161576 + 437760)
53: 1.01396e+06 (105000 + 36480 + 215840 + 656640)
54: 968208 (105000 + 54720 + 151848 + 656640)
55: 1.08227e+06 (157500 + 82080 + 186048 + 656640)
56: 1.11428e+06 (105000 + 36480 + 206720 + 766080)
57: 1.10273e+06 (105000 + 45600 + 186048 + 766080)
58: 5.56017e+06 (4.89e+06 + 45600 + 624568 + 0)
59: 307768 (105000 + 45600 + 157168 + 0)
60: 415596 (157500 + 100320 + 157776 + 0)
61: 438336 (105000 + 36480 + 187416 + 109440)
62: 565408 (105000 + 45600 + 195928 + 218880)
63: 899352 (390000 + 36480 + 253992 + 218880)
64: 559024 (105000 + 45600 + 189544 + 218880)
65: 583192 (105000 + 36480 + 222832 + 218880)
66: 1.04792e+06 (442500 + 91200 + 185896 + 328320)
67: 647336 (105000 + 45600 + 168416 + 328320)
68: 636848 (105000 + 45600 + 157928 + 328320)
69: 665120 (105000 + 45600 + 186200 + 328320)
70: 5.33627e+06 (4.89e+06 + 45600 + 400672 + 0)
71: 433928 (105000 + 36480 + 183008 + 109440)
72: 457944 (105000 + 45600 + 197904 + 109440)
73: 657368 (105000 + 36480 + 187568 + 328320)
74: 954984 (390000 + 45600 + 191064 + 328320)
75: 789060 (157500 + 91200 + 212040 + 328320)
76: 1.00165e+06 (105000 + 45600 + 194408 + 656640)
77: 1.18624e+06 (157500 + 91200 + 171456 + 766080)
78: 1.34602e+06 (337500 + 0 + 242440 + 766080)
79: 1.21232e+06 (105000 + 36480 + 195320 + 875520)
80: 1.31158e+06 (105000 + 45600 + 176016 + 984960)
81: 5.4821e+06 (4.6575e+06 + 100320 + 724280 + 0)
82: 356408 (105000 + 36480 + 214928 + 0)
83: 322968 (105000 + 45600 + 172368 + 0)
84: 606296 (390000 + 36480 + 179816 + 0)
85: 320688 (105000 + 36480 + 179208 + 0)
86: 301840 (105000 + 36480 + 160360 + 0)
87: 422680 (105000 + 45600 + 162640 + 109440)
88: 800248 (390000 + 36480 + 264328 + 109440)
89: 596476 (157500 + 54720 + 165376 + 218880)
90: 752428 (157500 + 82080 + 184528 + 328320)
91: 652808 (105000 + 54720 + 164768 + 328320)
92: 1.01448e+06 (442500 + 82080 + 161576 + 328320)
93: 647488 (105000 + 45600 + 168568 + 328320)
94: 659648 (105000 + 45600 + 180728 + 328320)
95: 5.0879e+06 (4.605e+06 + 27360 + 346104 + 109440)
96: 713060 (442500 + 72960 + 197600 + 0)
97: 333304 (105000 + 45600 + 182704 + 0)
98: 333456 (105000 + 45600 + 182856 + 0)
99: 654024 (390000 + 45600 + 218424 + 0)
100: 449584 (105000 + 54720 + 180424 + 109440)
101: 673480 (105000 + 45600 + 194560 + 328320)
102: 796692 (337500 + 0 + 240312 + 218880)
103: 553248 (105000 + 45600 + 183768 + 218880)
104: 769544 (105000 + 45600 + 181184 + 437760)
105: 977996 (157500 + 100320 + 172976 + 547200)
106: 958236 (157500 + 63840 + 189696 + 547200)
107: 852688 (105000 + 45600 + 154888 + 547200)
108: 1.21648e+06 (442500 + 100320 + 235904 + 437760)
109: 774408 (105000 + 36480 + 195168 + 437760)
110: 882176 (105000 + 45600 + 184376 + 547200)
111: 905736 (105000 + 45600 + 207936 + 547200)
112: 5.09748e+06 (4.605e+06 + 18240 + 474240 + 0)
113: 655696 (390000 + 45600 + 220096 + 0)
114: 338776 (105000 + 45600 + 188176 + 0)
115: 460376 (105000 + 45600 + 200336 + 109440)
116: 655240 (105000 + 45600 + 176320 + 328320)
117: 645208 (105000 + 45600 + 166288 + 328320)
118: 816300 (337500 + 0 + 150480 + 328320)
119: 677888 (105000 + 45600 + 198968 + 328320)

Total: 1.2592e+08
Totals per category:
Vessel rentals: 5.69025e+07
Planned downtime: 5.76384e+06
Expected repairs: 2.54972e+07
Unhandled failures: 3.74285e+07
Leftover failures: 328320

SCENARIO 1
Costs per month:
Month: Total (Vessel rentals + Planned downtime + Repairs + Unhandled failures)
0: 288616 (105000 + 0 + 183616 + 0)
1: 234444 (52500 + 0 + 181944 + 0)
2: 478100 (337500 + 0 + 140600 + 0)
3: 272048 (105000 + 0 + 167048 + 0)
4: 467460 (52500 + 0 + 196080 + 218880)
5: 407784 (105000 + 0 + 193344 + 109440)
6: 463508 (52500 + 0 + 192128 + 218880)
7: 628884 (337500 + 0 + 181944 + 109440)
8: 535008 (105000 + 0 + 211128 + 218880)
9: 780700 (157500 + 109440 + 185440 + 328320)
10: 1.12361e+06 (442500 + 100320 + 252472 + 328320)
11: 1.10963e+06 (157500 + 109440 + 186048 + 656640)
12: 1.0087e+06 (157500 + 100320 + 203680 + 547200)
13: 903668 (157500 + 100320 + 208088 + 437760)
14: 978908 (157500 + 100320 + 173888 + 547200)
15: 5.66708e+06 (4.9425e+06 + 109440 + 505704 + 109440)
16: 225476 (52500 + 0 + 172976 + 0)
17: 306856 (105000 + 0 + 201856 + 0)
18: 429824 (105000 + 45600 + 169784 + 109440)
19: 554708 (52500 + 0 + 173888 + 328320)
20: 652808 (105000 + 36480 + 183008 + 328320)
21: 984016 (390000 + 36480 + 229216 + 328320)
22: 651288 (105000 + 45600 + 172368 + 328320)
23: 751060 (157500 + 91200 + 174040 + 328320)
24: 626512 (105000 + 0 + 193192 + 328320)
25: 897436 (157500 + 100320 + 201856 + 437760)
26: 5.05902e+06 (4.605e+06 + 36480 + 417544 + 0)
27: 307616 (105000 + 36480 + 166136 + 0)
28: 564404 (157500 + 100320 + 197144 + 109440)
29: 970244 (442500 + 100320 + 208544 + 218880)
30: 668068 (157500 + 100320 + 191368 + 218880)
31: 532576 (105000 + 9120 + 199576 + 218880)
32: 548536 (105000 + 27360 + 197296 + 218880)
33: 550968 (105000 + 45600 + 181488 + 218880)
34: 563584 (105000 + 45600 + 194104 + 218880)
35: 891752 (390000 + 45600 + 237272 + 218880)
36: 449676 (52500 + 0 + 178296 + 218880)
37: 740268 (157500 + 100320 + 154128 + 328320)
38: 965776 (390000 + 45600 + 201856 + 328320)
39: 757688 (105000 + 45600 + 169328 + 437760)
40: 881720 (105000 + 45600 + 183920 + 547200)
41: 5.35451e+06 (4.605e+06 + 45600 + 375592 + 328320)
42: 847672 (390000 + 45600 + 302632 + 109440)
43: 524824 (105000 + 36480 + 164464 + 218880)
44: 686308 (157500 + 91200 + 218728 + 218880)
45: 685244 (157500 + 100320 + 208544 + 218880)
46: 597328 (105000 + 9120 + 154888 + 328320)
47: 763312 (390000 + 36480 + 227392 + 109440)
48: 432560 (105000 + 45600 + 172520 + 109440)
49: 516920 (105000 + 54720 + 138320 + 218880)
50: 673328 (105000 + 45600 + 194408 + 328320)
51: 660408 (105000 + 45600 + 181488 + 328320)
52: 892208 (390000 + 45600 + 237728 + 218880)
53: 743400 (105000 + 36480 + 164160 + 437760)
54: 768784 (105000 + 54720 + 171304 + 437760)
55: 991828 (157500 + 82080 + 205048 + 547200)
56: 892360 (105000 + 36480 + 203680 + 547200)
57: 995568 (105000 + 45600 + 188328 + 656640)
58: 5.51685e+06 (4.89e+06 + 45600 + 581248 + 0)
59: 436360 (105000 + 45600 + 176320 + 109440)
60: 541908 (157500 + 100320 + 174648 + 109440)
61: 581368 (105000 + 36480 + 221008 + 218880)
62: 774864 (105000 + 45600 + 186504 + 437760)
63: 896160 (390000 + 36480 + 250800 + 218880)
64: 539568 (105000 + 45600 + 170088 + 218880)
65: 588664 (105000 + 36480 + 228304 + 218880)
66: 1.03013e+06 (442500 + 91200 + 168112 + 328320)
67: 666032 (105000 + 45600 + 187112 + 328320)
68: 638976 (105000 + 45600 + 160056 + 328320)
69: 975656 (105000 + 45600 + 168416 + 656640)
70: 5.5398e+06 (4.89e+06 + 45600 + 494760 + 109440)
71: 448064 (105000 + 36480 + 197144 + 109440)
72: 462656 (105000 + 45600 + 202616 + 109440)
73: 642928 (105000 + 36480 + 173128 + 328320)
74: 1.01062e+06 (390000 + 45600 + 246696 + 328320)
75: 849556 (157500 + 91200 + 163096 + 437760)
76: 770456 (105000 + 45600 + 182096 + 437760)
77: 1.17271e+06 (157500 + 91200 + 157928 + 766080)
78: 1.40348e+06 (337500 + 0 + 190456 + 875520)
79: 1.29273e+06 (105000 + 36480 + 166288 + 984960)
80: 1.43637e+06 (105000 + 45600 + 191368 + 1.0944e+06)
81: 5.64839e+06 (4.6575e+06 + 100320 + 890568 + 0)
82: 542152 (105000 + 36480 + 181792 + 218880)
83: 652960 (105000 + 45600 + 174040 + 328320)
84: 1.00028e+06 (390000 + 36480 + 245480 + 328320)
85: 792952 (105000 + 36480 + 213712 + 437760)
86: 890232 (105000 + 36480 + 201552 + 547200)
87: 887800 (105000 + 45600 + 190000 + 547200)
88: 1.32708e+06 (390000 + 36480 + 243960 + 656640)
89: 1.03591e+06 (157500 + 54720 + 167048 + 656640)
90: 1.18031e+06 (157500 + 82080 + 174648 + 766080)
91: 1.10151e+06 (105000 + 54720 + 175712 + 766080)
92: 1.45984e+06 (442500 + 82080 + 169176 + 766080)
93: 1.11413e+06 (105000 + 45600 + 197448 + 766080)
94: 1.22083e+06 (105000 + 45600 + 194712 + 875520)
95: 5.34585e+06 (4.605e+06 + 27360 + 713488 + 0)
96: 716708 (442500 + 72960 + 201248 + 0)
97: 424656 (105000 + 45600 + 164616 + 109440)
98: 453688 (105000 + 45600 + 193648 + 109440)
99: 856944 (390000 + 45600 + 202464 + 218880)
100: 769696 (105000 + 54720 + 172216 + 437760)
101: 790672 (105000 + 45600 + 202312 + 437760)
102: 1.13428e+06 (337500 + 0 + 249584 + 547200)
103: 899504 (105000 + 45600 + 201704 + 547200)
104: 1.00758e+06 (105000 + 45600 + 200336 + 656640)
105: 1.22743e+06 (157500 + 100320 + 203528 + 766080)
106: 1.27774e+06 (157500 + 63840 + 180880 + 875520)
107: 1.2143e+06 (105000 + 45600 + 188176 + 875520)
108: 1.68738e+06 (442500 + 100320 + 159600 + 984960)
109: 1.44199e+06 (105000 + 36480 + 206112 + 1.0944e+06)
110: 1.40217e+06 (105000 + 45600 + 157168 + 1.0944e+06)
111: 1.66057e+06 (105000 + 45600 + 196688 + 1.31328e+06)
112: 5.7336e+06 (4.605e+06 + 18240 + 891480 + 218880)
113: 685792 (390000 + 45600 + 250192 + 0)
114: 423288 (105000 + 45600 + 163248 + 109440)
115: 792952 (105000 + 45600 + 204592 + 437760)
116: 753128 (105000 + 45600 + 164768 + 437760)
117: 992984 (105000 + 45600 + 185744 + 656640)
118: 1.16955e+06 (337500 + 0 + 175408 + 656640)
119: 1.20031e+06 (105000 + 45600 + 174192 + 875520)

Total: 1.34915e+08
Totals per category:
Vessel rentals: 5.69025e+07
Planned downtime: 5.76384e+06
Expected repairs: 2.6284e+07
Unhandled failures: 4.50893e+07
Leftover failures: 875520

SCENARIO 2
Costs per month:
Month: Total (Vessel rentals + Planned downtime + Repairs + Unhandled failures)
0: 277824 (105000 + 0 + 172824 + 0)
1: 199028 (52500 + 0 + 146528 + 0)
2: 528868 (337500 + 0 + 191368 + 0)
3: 300168 (105000 + 0 + 195168 + 0)
4: 340996 (52500 + 0 + 179056 + 109440)
5: 391520 (105000 + 0 + 177080 + 109440)
6: 580700 (52500 + 0 + 199880 + 328320)
7: 771764 (337500 + 0 + 215384 + 218880)
8: 607816 (105000 + 0 + 174496 + 328320)
9: 877372 (157500 + 109440 + 172672 + 437760)
10: 1.01265e+06 (442500 + 100320 + 250952 + 218880)
11: 750300 (157500 + 109440 + 155040 + 328320)
12: 880868 (157500 + 100320 + 185288 + 437760)
13: 1.33033e+06 (157500 + 100320 + 196992 + 875520)
14: 1.0049e+06 (157500 + 100320 + 199880 + 547200)
15: 5.59184e+06 (4.9425e+06 + 109440 + 539904 + 0)
16: 342668 (52500 + 0 + 180728 + 109440)
17: 497008 (105000 + 0 + 173128 + 218880)
18: 574984 (105000 + 45600 + 205504 + 218880)
19: 441924 (52500 + 0 + 170544 + 218880)
20: 500048 (105000 + 36480 + 139688 + 218880)
21: 856944 (390000 + 36480 + 211584 + 218880)
22: 558264 (105000 + 45600 + 188784 + 218880)
23: 667612 (157500 + 91200 + 200032 + 218880)
24: 674848 (105000 + 0 + 132088 + 437760)
25: 988636 (157500 + 100320 + 183616 + 547200)
26: 5.09961e+06 (4.605e+06 + 36480 + 458128 + 0)
27: 310960 (105000 + 36480 + 169480 + 0)
28: 555436 (157500 + 100320 + 188176 + 109440)
29: 846364 (442500 + 100320 + 194104 + 109440)
30: 654084 (157500 + 100320 + 177384 + 218880)
31: 626664 (105000 + 9120 + 184224 + 328320)
32: 860136 (105000 + 27360 + 180576 + 547200)
33: 889016 (105000 + 45600 + 191216 + 547200)
34: 1.00758e+06 (105000 + 45600 + 200336 + 656640)
35: 1.22554e+06 (390000 + 45600 + 242744 + 547200)
36: 889108 (52500 + 0 + 179968 + 656640)
37: 1.10081e+06 (157500 + 100320 + 186352 + 656640)
38: 1.2523e+06 (390000 + 45600 + 160056 + 656640)
39: 1.22281e+06 (105000 + 45600 + 196688 + 875520)
40: 1.21962e+06 (105000 + 45600 + 193496 + 875520)
41: 5.53858e+06 (4.605e+06 + 45600 + 669104 + 218880)
42: 660104 (390000 + 45600 + 224504 + 0)
43: 278280 (105000 + 36480 + 136800 + 0)
44: 430340 (157500 + 91200 + 181640 + 0)
45: 649220 (157500 + 100320 + 172520 + 218880)
46: 641104 (105000 + 9120 + 198664 + 328320)
47: 897072 (390000 + 36480 + 251712 + 218880)
48: 549448 (105000 + 45600 + 179968 + 218880)
49: 775016 (105000 + 54720 + 177536 + 437760)
50: 755560 (105000 + 45600 + 167200 + 437760)
51: 762248 (105000 + 45600 + 173888 + 437760)
52: 1.11702e+06 (390000 + 45600 + 243656 + 437760)
53: 871536 (105000 + 36480 + 182856 + 547200)
54: 997088 (105000 + 54720 + 180728 + 656640)
55: 1.06798e+06 (157500 + 82080 + 171760 + 656640)
56: 1.00454e+06 (105000 + 36480 + 206416 + 656640)
57: 1.0965e+06 (105000 + 45600 + 179816 + 766080)
58: 5.66657e+06 (4.89e+06 + 45600 + 730968 + 0)
59: 465696 (105000 + 45600 + 205656 + 109440)
60: 575044 (157500 + 100320 + 207784 + 109440)
61: 443960 (105000 + 36480 + 193040 + 109440)
62: 438944 (105000 + 45600 + 178904 + 109440)
63: 773800 (390000 + 36480 + 237880 + 109440)
64: 650376 (105000 + 45600 + 171456 + 328320)
65: 671504 (105000 + 36480 + 201704 + 328320)
66: 1.20007e+06 (442500 + 91200 + 228608 + 437760)
67: 877008 (105000 + 45600 + 179208 + 547200)
68: 904976 (105000 + 45600 + 207176 + 547200)
69: 1.09133e+06 (105000 + 45600 + 174648 + 766080)
70: 5.52232e+06 (4.89e+06 + 45600 + 586720 + 0)
71: 544736 (105000 + 36480 + 184376 + 218880)
72: 529688 (105000 + 45600 + 160208 + 218880)
73: 890232 (105000 + 36480 + 201552 + 547200)
74: 839008 (390000 + 45600 + 293968 + 109440)
75: 564404 (157500 + 91200 + 206264 + 109440)
76: 562976 (105000 + 45600 + 193496 + 218880)
77: 640100 (157500 + 91200 + 172520 + 218880)
78: 752308 (337500 + 0 + 195928 + 218880)
79: 520264 (105000 + 36480 + 159904 + 218880)
80: 572552 (105000 + 45600 + 203072 + 218880)
81: 5.27264e+06 (4.6575e+06 + 100320 + 405384 + 109440)
82: 425416 (105000 + 36480 + 174496 + 109440)
83: 452928 (105000 + 45600 + 192888 + 109440)
84: 695520 (390000 + 36480 + 269040 + 0)
85: 307008 (105000 + 36480 + 165528 + 0)
86: 312328 (105000 + 36480 + 170848 + 0)
87: 450344 (105000 + 45600 + 190304 + 109440)
88: 824416 (390000 + 36480 + 179056 + 218880)
89: 726588 (157500 + 54720 + 186048 + 328320)
90: 1.07984e+06 (157500 + 82080 + 183616 + 656640)
91: 1.08844e+06 (105000 + 54720 + 162640 + 766080)
92: 1.29203e+06 (442500 + 82080 + 329688 + 437760)
93: 797968 (105000 + 45600 + 209608 + 437760)
94: 782464 (105000 + 45600 + 194104 + 437760)
95: 5.22075e+06 (4.605e+06 + 27360 + 588392 + 0)
96: 773404 (442500 + 72960 + 257944 + 0)
97: 339384 (105000 + 45600 + 188784 + 0)
98: 426480 (105000 + 45600 + 166440 + 109440)
99: 668160 (390000 + 45600 + 232560 + 0)
100: 331176 (105000 + 54720 + 171456 + 0)
101: 435600 (105000 + 45600 + 175560 + 109440)
102: 727988 (337500 + 0 + 171608 + 218880)
103: 634568 (105000 + 45600 + 155648 + 328320)
104: 657520 (105000 + 45600 + 178600 + 328320)
105: 891052 (157500 + 100320 + 195472 + 437760)
106: 884060 (157500 + 63840 + 224960 + 437760)
107: 763616 (105000 + 45600 + 175256 + 437760)
108: 1.25129e+06 (442500 + 100320 + 270712 + 437760)
109: 776688 (105000 + 36480 + 197448 + 437760)
110: 1.0857e+06 (105000 + 45600 + 169024 + 766080)
111: 1.21764e+06 (105000 + 45600 + 191520 + 875520)
112: 5.39935e+06 (4.605e+06 + 18240 + 666672 + 109440)
113: 654936 (390000 + 45600 + 219336 + 0)
114: 317648 (105000 + 45600 + 167048 + 0)
115: 354432 (105000 + 45600 + 203832 + 0)
116: 562216 (105000 + 45600 + 192736 + 218880)
117: 657520 (105000 + 45600 + 178600 + 328320)
118: 712940 (337500 + 0 + 266000 + 109440)
119: 559784 (105000 + 45600 + 190304 + 218880)

Total: 1.2413e+08
Totals per category:
Vessel rentals: 5.69025e+07
Planned downtime: 5.76384e+06
Expected repairs: 2.62241e+07
Unhandled failures: 3.50208e+07
Leftover failures: 218880

SCENARIO 3
Costs per month:
Month: Total (Vessel rentals + Planned downtime + Repairs + Unhandled failures)
0: 407024 (105000 + 0 + 192584 + 109440)
1: 315916 (52500 + 0 + 153976 + 109440)
2: 816452 (337500 + 0 + 260072 + 218880)
3: 518136 (105000 + 0 + 194256 + 218880)
4: 427028 (52500 + 0 + 155648 + 218880)
5: 515704 (105000 + 0 + 191824 + 218880)
6: 451956 (52500 + 0 + 180576 + 218880)
7: 878772 (337500 + 0 + 212952 + 328320)
8: 698104 (105000 + 0 + 155344 + 437760)
9: 987116 (157500 + 109440 + 172976 + 547200)
10: 1.2142e+06 (442500 + 100320 + 233624 + 437760)
11: 1.32912e+06 (157500 + 109440 + 186656 + 875520)
12: 1.18654e+06 (157500 + 100320 + 162640 + 766080)
13: 1.22059e+06 (157500 + 100320 + 196688 + 766080)
14: 1.41211e+06 (157500 + 100320 + 169328 + 984960)
15: 5.91469e+06 (4.9425e+06 + 109440 + 862752 + 0)
16: 562308 (52500 + 0 + 181488 + 328320)
17: 611768 (105000 + 0 + 178448 + 328320)
18: 746288 (105000 + 45600 + 157928 + 437760)
19: 646820 (52500 + 0 + 156560 + 437760)
20: 899808 (105000 + 36480 + 211128 + 547200)
21: 1.08434e+06 (390000 + 36480 + 220096 + 437760)
22: 774408 (105000 + 45600 + 186048 + 437760)
23: 957628 (157500 + 91200 + 161728 + 547200)
24: 1.02901e+06 (105000 + 0 + 157928 + 766080)
25: 1.19627e+06 (157500 + 100320 + 172368 + 766080)
26: 5.42215e+06 (4.605e+06 + 36480 + 561792 + 218880)
27: 560696 (105000 + 36480 + 200336 + 218880)
28: 637820 (157500 + 100320 + 161120 + 218880)
29: 795900 (442500 + 100320 + 253080 + 0)
30: 449948 (157500 + 100320 + 192128 + 0)
31: 518288 (105000 + 9120 + 185288 + 218880)
32: 529688 (105000 + 27360 + 178448 + 218880)
33: 554616 (105000 + 45600 + 185136 + 218880)
34: 562064 (105000 + 45600 + 192584 + 218880)
35: 777904 (390000 + 45600 + 232864 + 109440)
36: 334308 (52500 + 0 + 172368 + 109440)
37: 543428 (157500 + 100320 + 176168 + 109440)
38: 913032 (390000 + 45600 + 258552 + 218880)
39: 793256 (105000 + 45600 + 204896 + 437760)
40: 1.0059e+06 (105000 + 45600 + 198664 + 656640)
41: 5.33901e+06 (4.605e+06 + 45600 + 469528 + 218880)
42: 720904 (390000 + 45600 + 285304 + 0)
43: 437120 (105000 + 36480 + 186200 + 109440)
44: 656668 (157500 + 91200 + 189088 + 218880)
45: 769756 (157500 + 100320 + 183616 + 328320)
46: 819856 (105000 + 9120 + 158536 + 547200)
47: 1.1424e+06 (390000 + 36480 + 278160 + 437760)
48: 1.00074e+06 (105000 + 45600 + 193496 + 656640)
49: 994504 (105000 + 54720 + 178144 + 656640)
50: 1.19074e+06 (105000 + 45600 + 164616 + 875520)
51: 1.56086e+06 (105000 + 45600 + 206416 + 1.20384e+06)
52: 1.73596e+06 (390000 + 45600 + 205960 + 1.0944e+06)
53: 1.56116e+06 (105000 + 36480 + 215840 + 1.20384e+06)
54: 1.53684e+06 (105000 + 54720 + 173280 + 1.20384e+06)
55: 1.62612e+06 (157500 + 82080 + 182704 + 1.20384e+06)
56: 1.63214e+06 (105000 + 36480 + 177384 + 1.31328e+06)
57: 1.64962e+06 (105000 + 45600 + 185744 + 1.31328e+06)
58: 5.83498e+06 (4.89e+06 + 45600 + 899384 + 0)
59: 426632 (105000 + 45600 + 166592 + 109440)
60: 562276 (157500 + 100320 + 195016 + 109440)
61: 649616 (105000 + 36480 + 179816 + 328320)
62: 780336 (105000 + 45600 + 191976 + 437760)
63: 987512 (390000 + 36480 + 232712 + 328320)
64: 894184 (105000 + 45600 + 196384 + 547200)
65: 962584 (105000 + 36480 + 164464 + 656640)
66: 1.39736e+06 (442500 + 91200 + 207024 + 656640)
67: 979000 (105000 + 45600 + 171760 + 656640)
68: 1.07522e+06 (105000 + 45600 + 158536 + 766080)
69: 1.20989e+06 (105000 + 45600 + 183768 + 875520)
70: 5.61747e+06 (4.89e+06 + 45600 + 681872 + 0)
71: 333304 (105000 + 36480 + 191824 + 0)
72: 418728 (105000 + 45600 + 158688 + 109440)
73: 412800 (105000 + 36480 + 161880 + 109440)
74: 781856 (390000 + 45600 + 236816 + 109440)
75: 523516 (157500 + 91200 + 165376 + 109440)
76: 460984 (105000 + 45600 + 200944 + 109440)
77: 678252 (157500 + 91200 + 210672 + 218880)
78: 829828 (337500 + 0 + 164008 + 328320)
79: 749936 (105000 + 36480 + 170696 + 437760)
80: 764528 (105000 + 45600 + 176168 + 437760)
81: 5.30152e+06 (4.6575e+06 + 100320 + 543704 + 0)
82: 332088 (105000 + 36480 + 190608 + 0)
83: 321296 (105000 + 45600 + 170696 + 0)
84: 740816 (390000 + 36480 + 204896 + 109440)
85: 420856 (105000 + 36480 + 169936 + 109440)
86: 465392 (105000 + 36480 + 214472 + 109440)
87: 572704 (105000 + 45600 + 203224 + 218880)
88: 754344 (390000 + 36480 + 218424 + 109440)
89: 533852 (157500 + 54720 + 212192 + 109440)
90: 751668 (157500 + 82080 + 183768 + 328320)
91: 777296 (105000 + 54720 + 179816 + 437760)
92: 976324 (442500 + 82080 + 232864 + 218880)
93: 573464 (105000 + 45600 + 203984 + 218880)
94: 768632 (105000 + 45600 + 180272 + 437760)
95: 5.29098e+06 (4.605e+06 + 27360 + 439736 + 218880)
96: 769452 (442500 + 72960 + 253992 + 0)
97: 339536 (105000 + 45600 + 188936 + 0)
98: 316888 (105000 + 45600 + 166288 + 0)
99: 676824 (390000 + 45600 + 241224 + 0)
100: 444568 (105000 + 54720 + 175408 + 109440)
101: 440920 (105000 + 45600 + 180880 + 109440)
102: 547868 (337500 + 0 + 210368 + 0)
103: 326160 (105000 + 45600 + 175560 + 0)
104: 336040 (105000 + 45600 + 185440 + 0)
105: 560908 (157500 + 100320 + 193648 + 109440)
106: 793620 (157500 + 63840 + 243960 + 328320)
107: 766352 (105000 + 45600 + 177992 + 437760)
108: 1.13288e+06 (442500 + 100320 + 261744 + 328320)
109: 645208 (105000 + 36480 + 175408 + 328320)
110: 780944 (105000 + 45600 + 192584 + 437760)
111: 754040 (105000 + 45600 + 165680 + 437760)
112: 5.03318e+06 (4.605e+06 + 18240 + 409944 + 0)
113: 633808 (390000 + 45600 + 198208 + 0)
114: 345768 (105000 + 45600 + 195168 + 0)
115: 437272 (105000 + 45600 + 177232 + 109440)
116: 552640 (105000 + 45600 + 183160 + 218880)
117: 578936 (105000 + 45600 + 209456 + 218880)
118: 660956 (337500 + 0 + 214016 + 109440)
119: 431648 (105000 + 45600 + 171608 + 109440)

Total: 1.29903e+08
Totals per category:
Vessel rentals: 5.69025e+07
Planned downtime: 5.76384e+06
Expected repairs: 2.64159e+07
Unhandled failures: 4.07117e+07
Leftover failures: 109440

SCENARIO 4
Costs per month:
Month: Total (Vessel rentals + Planned downtime + Repairs + Unhandled failures)
0: 279496 (105000 + 0 + 174496 + 0)
1: 458340 (52500 + 0 + 186960 + 218880)
2: 576900 (337500 + 0 + 239400 + 0)
3: 314456 (105000 + 0 + 209456 + 0)
4: 221524 (52500 + 0 + 169024 + 0)
5: 306400 (105000 + 0 + 201400 + 0)
6: 215596 (52500 + 0 + 163096 + 0)
7: 728596 (337500 + 0 + 172216 + 218880)
8: 531360 (105000 + 0 + 207480 + 218880)
9: 774620 (157500 + 109440 + 179360 + 328320)
10: 1.07087e+06 (442500 + 100320 + 199728 + 328320)
11: 867188 (157500 + 109440 + 162488 + 437760)
12: 1.34052e+06 (157500 + 100320 + 207176 + 875520)
13: 1.1002e+06 (157500 + 100320 + 185744 + 656640)
14: 1.09944e+06 (157500 + 100320 + 184984 + 656640)
15: 5.93947e+06 (4.9425e+06 + 109440 + 668648 + 218880)
16: 342516 (52500 + 0 + 180576 + 109440)
17: 334368 (105000 + 0 + 229368 + 0)
18: 521328 (105000 + 45600 + 151848 + 218880)
19: 556228 (52500 + 0 + 175408 + 328320)
20: 656456 (105000 + 36480 + 186656 + 328320)
21: 1.03539e+06 (390000 + 36480 + 280592 + 328320)
22: 671504 (105000 + 45600 + 192584 + 328320)
23: 788756 (157500 + 91200 + 211736 + 328320)
24: 831256 (105000 + 0 + 179056 + 547200)
25: 1.10051e+06 (157500 + 100320 + 186048 + 656640)
26: 5.3723e+06 (4.605e+06 + 36480 + 621376 + 109440)
27: 465696 (105000 + 36480 + 214776 + 109440)
28: 568356 (157500 + 100320 + 201096 + 109440)
29: 855028 (442500 + 100320 + 202768 + 109440)
30: 563340 (157500 + 100320 + 196080 + 109440)
31: 545344 (105000 + 9120 + 212344 + 218880)
32: 522696 (105000 + 27360 + 171456 + 218880)
33: 613896 (105000 + 45600 + 134976 + 328320)
34: 968360 (105000 + 45600 + 161120 + 656640)
35: 1.16626e+06 (390000 + 45600 + 183464 + 547200)
36: 892908 (52500 + 0 + 183768 + 656640)
37: 1.09732e+06 (157500 + 100320 + 182856 + 656640)
38: 1.44442e+06 (390000 + 45600 + 242744 + 766080)
39: 1.19773e+06 (105000 + 45600 + 171608 + 875520)
40: 1.20654e+06 (105000 + 45600 + 180424 + 875520)
41: 5.34691e+06 (4.605e+06 + 45600 + 696312 + 0)
42: 754496 (390000 + 45600 + 209456 + 109440)
43: 440008 (105000 + 36480 + 189088 + 109440)
44: 537348 (157500 + 91200 + 179208 + 109440)
45: 578236 (157500 + 100320 + 210976 + 109440)
46: 388176 (105000 + 9120 + 164616 + 109440)
47: 721056 (390000 + 36480 + 185136 + 109440)
48: 548992 (105000 + 45600 + 179512 + 218880)
49: 566928 (105000 + 54720 + 188328 + 218880)
50: 873968 (105000 + 45600 + 176168 + 547200)
51: 893576 (105000 + 45600 + 195776 + 547200)
52: 1.3552e+06 (390000 + 45600 + 262960 + 656640)
53: 989336 (105000 + 36480 + 191216 + 656640)
54: 1.09133e+06 (105000 + 54720 + 165528 + 766080)
55: 1.28899e+06 (157500 + 82080 + 173888 + 875520)
56: 1.41843e+06 (105000 + 36480 + 182552 + 1.0944e+06)
57: 1.64157e+06 (105000 + 45600 + 177688 + 1.31328e+06)
58: 5.8175e+06 (4.89e+06 + 45600 + 881904 + 0)
59: 333000 (105000 + 45600 + 182400 + 0)
60: 541908 (157500 + 100320 + 174648 + 109440)
61: 540480 (105000 + 36480 + 180120 + 218880)
62: 750696 (105000 + 45600 + 162336 + 437760)
63: 1.01092e+06 (390000 + 36480 + 256120 + 328320)
64: 779728 (105000 + 45600 + 191368 + 437760)
65: 850560 (105000 + 36480 + 161880 + 547200)
66: 1.22743e+06 (442500 + 91200 + 255968 + 437760)
67: 776688 (105000 + 45600 + 188328 + 437760)
68: 764680 (105000 + 45600 + 176320 + 437760)
69: 1.0129e+06 (105000 + 45600 + 205656 + 656640)
70: 5.479e+06 (4.89e+06 + 45600 + 543400 + 0)
71: 355952 (105000 + 36480 + 214472 + 0)
72: 350936 (105000 + 45600 + 200336 + 0)
73: 418728 (105000 + 36480 + 167808 + 109440)
74: 649008 (390000 + 45600 + 213408 + 0)
75: 446908 (157500 + 91200 + 198208 + 0)
76: 317344 (105000 + 45600 + 166744 + 0)
77: 532940 (157500 + 91200 + 174800 + 109440)
78: 787116 (337500 + 0 + 230736 + 218880)
79: 555376 (105000 + 36480 + 195016 + 218880)
80: 787632 (105000 + 45600 + 199272 + 437760)
81: 5.29651e+06 (4.6575e+06 + 100320 + 429248 + 109440)
82: 425720 (105000 + 36480 + 174800 + 109440)
83: 579848 (105000 + 45600 + 210368 + 218880)
84: 707832 (390000 + 36480 + 281352 + 0)
85: 401248 (105000 + 36480 + 150328 + 109440)
86: 433016 (105000 + 36480 + 182096 + 109440)
87: 562976 (105000 + 45600 + 193496 + 218880)
88: 852536 (390000 + 36480 + 207176 + 218880)
89: 605748 (157500 + 54720 + 174648 + 218880)
90: 798940 (157500 + 82080 + 231040 + 328320)
91: 672568 (105000 + 54720 + 184528 + 328320)
92: 1.11024e+06 (442500 + 82080 + 257336 + 328320)
93: 767568 (105000 + 45600 + 179208 + 437760)
94: 986144 (105000 + 45600 + 178904 + 656640)
95: 5.33688e+06 (4.605e+06 + 27360 + 595080 + 109440)
96: 991068 (442500 + 72960 + 256728 + 218880)
97: 749936 (105000 + 45600 + 161576 + 437760)
98: 881568 (105000 + 45600 + 183768 + 547200)
99: 1.02034e+06 (390000 + 45600 + 256424 + 328320)
100: 659648 (105000 + 54720 + 171608 + 328320)
101: 732608 (105000 + 45600 + 144248 + 437760)
102: 976964 (337500 + 0 + 201704 + 437760)
103: 889016 (105000 + 45600 + 191216 + 547200)
104: 889472 (105000 + 45600 + 191672 + 547200)
105: 1.09048e+06 (157500 + 100320 + 176016 + 656640)
106: 1.40557e+06 (157500 + 63840 + 199272 + 984960)
107: 1.44275e+06 (105000 + 45600 + 197752 + 1.0944e+06)
108: 1.58539e+06 (442500 + 100320 + 276488 + 766080)
109: 1.19332e+06 (105000 + 36480 + 176320 + 875520)
110: 1.28908e+06 (105000 + 45600 + 153520 + 984960)
111: 1.42436e+06 (105000 + 45600 + 179360 + 1.0944e+06)
112: 5.44966e+06 (4.605e+06 + 18240 + 826424 + 0)
113: 643384 (390000 + 45600 + 207784 + 0)
114: 566168 (105000 + 45600 + 196688 + 218880)
115: 533488 (105000 + 45600 + 164008 + 218880)
116: 543976 (105000 + 45600 + 174496 + 218880)
117: 546408 (105000 + 45600 + 176928 + 218880)
118: 791980 (337500 + 0 + 235600 + 218880)
119: 756168 (105000 + 45600 + 167808 + 437760)

Total: 1.31694e+08
Totals per category:
Vessel rentals: 5.69025e+07
Planned downtime: 5.76384e+06
Expected repairs: 2.68931e+07
Unhandled failures: 4.16966e+07
Leftover failures: 437760


-----------SUMMARY-----------
Mean: 1.29313e+08
Median: 1.29903e+08
Cheapest: 2 costing 1.2413e+08
Most expensive: 1 costing 1.34915e+08

Vessel rentals: 5.69025e+07
Planned downtime: 5.76384e+06
Expected repairs: 2.62629e+07
Unhandled failures: 3.99894e+07
Leftover failures: 393984