WAVEHEIGHT LIMITS
150
150
150
150
150
150
150
150
150
150
150
150
150
150
150
150

VALUES
45360
45360
45360
45360
45360
45360
45360
45360

COSTS
1750 1750 1750 1750 1750 1750 1750 1750
9500 9500 9500 9500 9500 9500 9500 9500
150000 150000 150000 150000 150000 150000 150000 150000

DURATIONS
1
8
8
22
52
26
3
1
8
22
52
26
3
1
8
1

PREREQUISITES
0 1
1 2
2 3
3 4
3 5
4 6
5 6
6 7
1 8
8 9
9 10
9 11
10 12
11 12
12 13
7 14
13 14
14 15

RESOURCES
1 2 3 2 1 1 2 1 3 2 1 1 2 1 2 1
0 0 0 0 0 1 0 0 0 0 0 1 0 0 0 0
0 0 0 0 1 0 0 0 0 0 1 0 0 0 0 0

MAX RESOURCES
5 5 5 5 5 5 5 5
2 2 2 2 2 2 2 2
1 1 1 1 1 1 1 1